0 0.939453125 0.4560546875 0.0390625 0.02783203125
0 0.86328125 0.3837890625 0.057942708333333336 0.02734375
0 0.8209635416666666 0.6396484375 0.036458333333333336 0.03076171875
0 0.7291666666666666 0.61181640625 0.039713541666666664 0.03125
0 0.5130208333333334 0.71142578125 0.0390625 0.02685546875
0 0.474609375 0.689453125 0.042317708333333336 0.03076171875
0 0.5423177083333334 0.6162109375 0.033854166666666664 0.02783203125
0 0.5638020833333334 0.43701171875 0.050130208333333336 0.0458984375
0 0.6022135416666666 0.51708984375 0.046875 0.0302734375
0 0.611328125 0.59326171875 0.028645833333333332 0.02294921875
0 0.6341145833333334 0.61279296875 0.030598958333333332 0.029296875