0 0.65478515625 0.240234375 0.033203125 0.04296875
0 0.6044921875 0.2571614583333333 0.02099609375 0.036458333333333336
0 0.49365234375 0.4375 0.029296875 0.02734375
0 0.4453125 0.439453125 0.0166015625 0.028645833333333332
0 0.4296875 0.4361979166666667 0.02099609375 0.027994791666666668
0 0.302734375 0.4427083333333333 0.02490234375 0.027994791666666668
0 0.234375 0.38671875 0.02099609375 0.032552083333333336
0 0.18115234375 0.5227864583333334 0.03759765625 0.054036458333333336
0 0.29833984375 0.6236979166666666 0.04052734375 0.056640625
0 0.5126953125 0.6341145833333334 0.03173828125 0.037109375
0 0.4755859375 0.529296875 0.0234375 0.02734375