0 0.537109375 0.3958333333333333 0.0361328125 0.044270833333333336
0 0.34130859375 0.302734375 0.04736328125 0.057291666666666664
0 0.26220703125 0.4212239583333333 0.046875 0.044270833333333336
0 0.22607421875 0.5442708333333334 0.03173828125 0.05078125
0 0.3037109375 0.560546875 0.0322265625 0.047526041666666664
0 0.4345703125 0.5983072916666666 0.02880859375 0.046223958333333336
0 0.46435546875 0.5944010416666666 0.03564453125 0.041015625
0 0.5166015625 0.49609375 0.03515625 0.044270833333333336
0 0.52783203125 0.6484375 0.03271484375 0.039713541666666664
0 0.4296875 0.818359375 0.02880859375 0.046223958333333336
0 0.38623046875 0.8587239583333334 0.029296875 0.050130208333333336