0 0.34521484375 0.759765625 0.033203125 0.04296875
0 0.3955078125 0.7428385416666666 0.02099609375 0.036458333333333336
0 0.50634765625 0.5625 0.029296875 0.02734375
0 0.5546875 0.560546875 0.0166015625 0.028645833333333332
0 0.5703125 0.5638020833333334 0.02099609375 0.027994791666666668
0 0.697265625 0.5572916666666666 0.02490234375 0.027994791666666668
0 0.765625 0.61328125 0.02099609375 0.032552083333333336
0 0.81884765625 0.4772135416666667 0.03759765625 0.054036458333333336
0 0.70166015625 0.3763020833333333 0.04052734375 0.056640625
0 0.4873046875 0.3658854166666667 0.03173828125 0.037109375
0 0.5244140625 0.470703125 0.0234375 0.02734375