0 0.55859375 0.82958984375 0.037109375 0.029296875
0 0.6549479166666666 0.7724609375 0.036458333333333336 0.04345703125
0 0.3138020833333333 0.74072265625 0.041015625 0.02734375
0 0.3509114583333333 0.671875 0.041666666666666664 0.02978515625
0 0.21809895833333334 0.509765625 0.035807291666666664 0.029296875
0 0.24739583333333334 0.48095703125 0.041015625 0.03173828125
0 0.3450520833333333 0.53173828125 0.037109375 0.025390625
0 0.583984375 0.5478515625 0.061197916666666664 0.03759765625
0 0.4772135416666667 0.57666015625 0.040364583333333336 0.03515625
0 0.3756510416666667 0.58349609375 0.030598958333333332 0.021484375
0 0.349609375 0.6005859375 0.0390625 0.02294921875