0 0.13736979166666666 0.57421875 0.057942708333333336 0.0380859375
0 0.2688802083333333 0.65087890625 0.061197916666666664 0.0419921875
0 0.16015625 0.38134765625 0.037109375 0.0322265625
0 0.24609375 0.42041015625 0.042317708333333336 0.03076171875
0 0.3990885416666667 0.4306640625 0.03515625 0.01611328125
0 0.4231770833333333 0.44580078125 0.037109375 0.03125
0 0.4778645833333333 0.431640625 0.031901041666666664 0.03271484375
0 0.4537760416666667 0.51953125 0.05078125 0.0244140625
0 0.625 0.35009765625 0.046223958333333336 0.03515625
0 0.6842447916666666 0.35888671875 0.052083333333333336 0.037109375
0 0.4889322916666667 0.5927734375 0.048177083333333336 0.0302734375