0 0.578125 0.5494791666666666 0.033203125 0.048177083333333336
0 0.64794921875 0.2884114583333333 0.04296875 0.06315104166666667
0 0.55908203125 0.18294270833333334 0.033203125 0.0625
0 0.466796875 0.134765625 0.0380859375 0.042317708333333336
0 0.45458984375 0.23828125 0.03564453125 0.04296875
0 0.42626953125 0.4127604166666667 0.03466796875 0.038411458333333336
0 0.42919921875 0.4524739583333333 0.03076171875 0.047526041666666664
0 0.5029296875 0.5221354166666666 0.033203125 0.046875
0 0.388671875 0.537109375 0.02978515625 0.043619791666666664
0 0.26123046875 0.40625 0.03466796875 0.038411458333333336
0 0.23095703125 0.3483072916666667 0.03759765625 0.0390625