0 0.5989583333333334 0.77197265625 0.05078125 0.04345703125
0 0.701171875 0.67333984375 0.055989583333333336 0.0458984375
0 0.341796875 0.7548828125 0.04296875 0.02783203125
0 0.3938802083333333 0.6904296875 0.041015625 0.03173828125
0 0.4075520833333333 0.57568359375 0.021484375 0.0263671875
0 0.427734375 0.5576171875 0.041666666666666664 0.02783203125
0 0.4088541666666667 0.5166015625 0.043619791666666664 0.02392578125
0 0.5260416666666666 0.53466796875 0.032552083333333336 0.0380859375
0 0.3001302083333333 0.40625 0.046875 0.03466796875
0 0.3118489583333333 0.36181640625 0.049479166666666664 0.0390625
0 0.6236979166666666 0.50830078125 0.040364583333333336 0.0361328125