0 0.34521484375 0.240234375 0.033203125 0.04296875
0 0.3955078125 0.2571614583333333 0.02099609375 0.036458333333333336
0 0.50634765625 0.4375 0.029296875 0.02734375
0 0.5546875 0.439453125 0.0166015625 0.028645833333333332
0 0.5703125 0.4361979166666667 0.02099609375 0.027994791666666668
0 0.697265625 0.4427083333333333 0.02490234375 0.027994791666666668
0 0.765625 0.38671875 0.02099609375 0.032552083333333336
0 0.81884765625 0.5227864583333334 0.03759765625 0.054036458333333336
0 0.70166015625 0.6236979166666666 0.04052734375 0.056640625
0 0.4873046875 0.6341145833333334 0.03173828125 0.037109375
0 0.5244140625 0.529296875 0.0234375 0.02734375