0 0.4055989583333333 0.46728515625 0.014973958333333334 0.0107421875
0 0.4153645833333333 0.46240234375 0.014973958333333334 0.01171875
0 0.427734375 0.458984375 0.014322916666666666 0.013671875
0 0.439453125 0.45654296875 0.014322916666666666 0.01318359375
0 0.4518229166666667 0.455078125 0.013020833333333334 0.01220703125
0 0.4661458333333333 0.453125 0.013671875 0.01171875
0 0.4778645833333333 0.4501953125 0.013671875 0.01025390625
0 0.490234375 0.44775390625 0.01171875 0.0107421875
0 0.5032552083333334 0.44482421875 0.013671875 0.0126953125
0 0.4192708333333333 0.51904296875 0.013020833333333334 0.01123046875
0 0.431640625 0.51953125 0.012369791666666666 0.01171875
0 0.4453125 0.52001953125 0.014973958333333334 0.0126953125
0 0.45703125 0.51806640625 0.013020833333333334 0.01171875
0 0.4694010416666667 0.51708984375 0.013020833333333334 0.01171875
0 0.4817708333333333 0.5166015625 0.015625 0.01220703125
0 0.4049479166666667 0.54296875 0.012369791666666666 0.01123046875
0 0.416015625 0.54296875 0.012369791666666666 0.0107421875
0 0.4290364583333333 0.54296875 0.01171875 0.0107421875
0 0.44140625 0.5419921875 0.014322916666666666 0.01123046875
0 0.4563802083333333 0.5419921875 0.016276041666666668 0.01171875