0 0.654296875 0.77783203125 0.034505208333333336 0.02294921875
0 0.6145833333333334 0.74658203125 0.034505208333333336 0.02880859375
0 0.546875 0.60302734375 0.040364583333333336 0.0302734375
0 0.767578125 0.61328125 0.042317708333333336 0.0322265625
0 0.671875 0.60498046875 0.026041666666666668 0.0244140625
0 0.6588541666666666 0.58544921875 0.027994791666666668 0.025390625
0 0.6263020833333334 0.52001953125 0.030598958333333332 0.017578125
0 0.6276041666666666 0.4609375 0.03125 0.02490234375
0 0.853515625 0.6171875 0.033203125 0.0244140625
0 0.8697916666666666 0.53955078125 0.039713541666666664 0.02099609375
0 0.83984375 0.46630859375 0.033854166666666664 0.025390625