0 0.3893229166666667 0.720703125 0.043619791666666664 0.03515625
0 0.4420572916666667 0.7392578125 0.043619791666666664 0.0322265625
0 0.404296875 0.51513671875 0.034505208333333336 0.0205078125
0 0.4401041666666667 0.56689453125 0.033203125 0.025390625
0 0.5533854166666666 0.61279296875 0.028645833333333332 0.02294921875
0 0.580078125 0.61474609375 0.028645833333333332 0.02685546875
0 0.6510416666666666 0.6044921875 0.038411458333333336 0.02099609375
0 0.4967447916666667 0.46435546875 0.033854166666666664 0.02880859375
0 0.587890625 0.45556640625 0.037760416666666664 0.025390625
0 0.6881510416666666 0.5791015625 0.02734375 0.02978515625
0 0.6126302083333334 0.7001953125 0.0546875 0.03369140625