0 0.4055989583333333 0.4677734375 0.013671875 0.01220703125
0 0.4153645833333333 0.46240234375 0.013020833333333334 0.01123046875
0 0.4283854166666667 0.458984375 0.012369791666666666 0.01123046875
0 0.439453125 0.45654296875 0.013671875 0.009765625
0 0.4524739583333333 0.4541015625 0.013671875 0.009765625
0 0.4661458333333333 0.45263671875 0.013020833333333334 0.01171875
0 0.4772135416666667 0.44970703125 0.01171875 0.0107421875
0 0.4889322916666667 0.447265625 0.009114583333333334 0.0107421875
0 0.501953125 0.4443359375 0.01171875 0.01220703125
0 0.4830729166666667 0.51708984375 0.013020833333333334 0.0107421875
0 0.46875 0.517578125 0.014973958333333334 0.01171875
0 0.4583333333333333 0.5185546875 0.011067708333333334 0.01025390625
0 0.4453125 0.51953125 0.013020833333333334 0.01025390625
0 0.4322916666666667 0.51904296875 0.011067708333333334 0.01025390625
0 0.419921875 0.5185546875 0.01171875 0.01123046875
0 0.4055989583333333 0.54296875 0.012369791666666666 0.01123046875
0 0.4173177083333333 0.54248046875 0.013020833333333334 0.01171875
0 0.4290364583333333 0.54248046875 0.013020833333333334 0.01171875
0 0.4420572916666667 0.54248046875 0.012369791666666666 0.01123046875
0 0.4576822916666667 0.5419921875 0.014973958333333334 0.01123046875