0 0.544921875 0.4287109375 0.013671875 0.009765625
0 0.5494791666666666 0.43603515625 0.013671875 0.00927734375
0 0.5540364583333334 0.44580078125 0.014973958333333334 0.00830078125
0 0.5559895833333334 0.45458984375 0.014322916666666666 0.0087890625
0 0.55859375 0.4638671875 0.015625 0.009765625
0 0.5611979166666666 0.47412109375 0.013671875 0.009765625
0 0.5657552083333334 0.48291015625 0.015625 0.00927734375
0 0.5709635416666666 0.4921875 0.016927083333333332 0.009765625
0 0.5735677083333334 0.50146484375 0.014322916666666666 0.01025390625
0 0.4733072916666667 0.43896484375 0.015625 0.0087890625
0 0.4739583333333333 0.44775390625 0.014322916666666666 0.009765625
0 0.47265625 0.4580078125 0.015625 0.01025390625
0 0.4759114583333333 0.4677734375 0.014973958333333334 0.009765625
0 0.4759114583333333 0.4765625 0.016927083333333332 0.0107421875
0 0.4759114583333333 0.4853515625 0.014973958333333334 0.01123046875
0 0.4420572916666667 0.42822265625 0.013020833333333334 0.01025390625
0 0.4401041666666667 0.4375 0.013671875 0.009765625
0 0.4420572916666667 0.44677734375 0.013671875 0.0087890625
0 0.4427083333333333 0.45654296875 0.014322916666666666 0.01025390625
0 0.4440104166666667 0.46728515625 0.014322916666666666 0.01220703125