0 0.4049479166666667 0.4462890625 0.015625 0.00927734375
0 0.4114583333333333 0.43896484375 0.016276041666666668 0.01025390625
0 0.4192708333333333 0.43603515625 0.016276041666666668 0.009765625
0 0.4309895833333333 0.43017578125 0.013671875 0.009765625
0 0.4401041666666667 0.42724609375 0.013020833333333334 0.009765625
0 0.4524739583333333 0.42236328125 0.015625 0.01123046875
0 0.361328125 0.5576171875 0.015625 0.0087890625
0 0.369140625 0.548828125 0.013671875 0.0078125
0 0.3763020833333333 0.54248046875 0.016276041666666668 0.0087890625
0 0.3828125 0.5361328125 0.017578125 0.00830078125
0 0.3912760416666667 0.529296875 0.014322916666666666 0.0087890625
0 0.3977864583333333 0.5234375 0.014973958333333334 0.009765625
0 0.4173177083333333 0.49853515625 0.014973958333333334 0.01025390625
0 0.427734375 0.50244140625 0.014973958333333334 0.009765625
0 0.4375 0.5068359375 0.014973958333333334 0.01171875
0 0.44921875 0.51123046875 0.014322916666666666 0.00927734375
0 0.458984375 0.51513671875 0.013671875 0.01123046875
0 0.4694010416666667 0.52099609375 0.013020833333333334 0.01171875
0 0.478515625 0.525390625 0.016276041666666668 0.01220703125
0 0.486328125 0.53369140625 0.017578125 0.01171875