0 0.345703125 0.22216796875 0.034505208333333336 0.02294921875
0 0.3854166666666667 0.25341796875 0.034505208333333336 0.02880859375
0 0.453125 0.39697265625 0.040364583333333336 0.0302734375
0 0.232421875 0.38671875 0.042317708333333336 0.0322265625
0 0.328125 0.39501953125 0.026041666666666668 0.0244140625
0 0.3411458333333333 0.41455078125 0.027994791666666668 0.025390625
0 0.3736979166666667 0.47998046875 0.030598958333333332 0.017578125
0 0.3723958333333333 0.5390625 0.03125 0.02490234375
0 0.146484375 0.3828125 0.033203125 0.0244140625
0 0.13020833333333334 0.46044921875 0.039713541666666664 0.02099609375
0 0.16015625 0.53369140625 0.033854166666666664 0.025390625