0 0.3619791666666667 0.5576171875 0.018880208333333332 0.00927734375
0 0.3704427083333333 0.548828125 0.016927083333333332 0.00927734375
0 0.3776041666666667 0.541015625 0.016927083333333332 0.01318359375
0 0.384765625 0.53515625 0.014322916666666666 0.01025390625
0 0.392578125 0.52978515625 0.014973958333333334 0.01025390625
0 0.3984375 0.5244140625 0.014322916666666666 0.009765625
0 0.4186197916666667 0.498046875 0.015625 0.01123046875
0 0.4283854166666667 0.50146484375 0.013671875 0.0107421875
0 0.4375 0.5068359375 0.013020833333333334 0.0107421875
0 0.451171875 0.51171875 0.013020833333333334 0.009765625
0 0.4602864583333333 0.51513671875 0.014322916666666666 0.0107421875
0 0.4694010416666667 0.5205078125 0.014973958333333334 0.01171875
0 0.4798177083333333 0.525390625 0.014973958333333334 0.01318359375
0 0.4869791666666667 0.53271484375 0.016276041666666668 0.01318359375
0 0.4069010416666667 0.4462890625 0.018229166666666668 0.009765625
0 0.4140625 0.43896484375 0.016276041666666668 0.0107421875
0 0.4225260416666667 0.4345703125 0.013671875 0.01123046875
0 0.4322916666666667 0.4306640625 0.013020833333333334 0.01123046875
0 0.44140625 0.4267578125 0.012369791666666666 0.01220703125
0 0.4537760416666667 0.4228515625 0.016927083333333332 0.01220703125