0 0.12955729166666666 0.38427734375 0.030598958333333332 0.02587890625
0 0.17122395833333334 0.4140625 0.038411458333333336 0.02587890625
0 0.3626302083333333 0.46484375 0.040364583333333336 0.0302734375
0 0.3489583333333333 0.29931640625 0.04296875 0.03173828125
0 0.3600260416666667 0.37109375 0.032552083333333336 0.01953125
0 0.3860677083333333 0.380859375 0.033854166666666664 0.02099609375
0 0.4733072916666667 0.4052734375 0.0234375 0.02294921875
0 0.5520833333333334 0.404296875 0.033203125 0.0234375
0 0.34375 0.23486328125 0.032552083333333336 0.02490234375
0 0.447265625 0.22265625 0.027994791666666668 0.02978515625
0 0.544921875 0.2451171875 0.033854166666666664 0.025390625