0 0.5944010416666666 0.53271484375 0.014973958333333334 0.0107421875
0 0.5846354166666666 0.53759765625 0.014973958333333334 0.01171875
0 0.572265625 0.541015625 0.014322916666666666 0.013671875
0 0.560546875 0.54345703125 0.014322916666666666 0.01318359375
0 0.5481770833333334 0.544921875 0.013020833333333334 0.01220703125
0 0.5338541666666666 0.546875 0.013671875 0.01171875
0 0.5221354166666666 0.5498046875 0.013671875 0.01025390625
0 0.509765625 0.55224609375 0.01171875 0.0107421875
0 0.4967447916666667 0.55517578125 0.013671875 0.0126953125
0 0.5807291666666666 0.48095703125 0.013020833333333334 0.01123046875
0 0.568359375 0.48046875 0.012369791666666666 0.01171875
0 0.5546875 0.47998046875 0.014973958333333334 0.0126953125
0 0.54296875 0.48193359375 0.013020833333333334 0.01171875
0 0.5305989583333334 0.48291015625 0.013020833333333334 0.01171875
0 0.5182291666666666 0.4833984375 0.015625 0.01220703125
0 0.5950520833333334 0.45703125 0.012369791666666666 0.01123046875
0 0.583984375 0.45703125 0.012369791666666666 0.0107421875
0 0.5709635416666666 0.45703125 0.01171875 0.0107421875
0 0.55859375 0.4580078125 0.014322916666666666 0.01123046875
0 0.5436197916666666 0.4580078125 0.016276041666666668 0.01171875