0 0.7942708333333334 0.5830078125 0.046875 0.03271484375
0 0.8190104166666666 0.54345703125 0.04296875 0.03271484375
0 0.5201822916666666 0.57177734375 0.02734375 0.02587890625
0 0.5891927083333334 0.544921875 0.033854166666666664 0.02490234375
0 0.650390625 0.4599609375 0.030598958333333332 0.021484375
0 0.6529947916666666 0.43994140625 0.035807291666666664 0.021484375
0 0.6393229166666666 0.38671875 0.027994791666666668 0.02880859375
0 0.4524739583333333 0.50244140625 0.038411458333333336 0.025390625
0 0.4407552083333333 0.43408203125 0.033854166666666664 0.0283203125
0 0.60546875 0.35888671875 0.039713541666666664 0.0205078125
0 0.7669270833333334 0.41552734375 0.044921875 0.041015625