0 0.5768229166666666 0.603515625 0.012369791666666666 0.01416015625
0 0.5651041666666666 0.59716796875 0.012369791666666666 0.0126953125
0 0.5546875 0.591796875 0.017578125 0.0126953125
0 0.546875 0.58642578125 0.013671875 0.0107421875
0 0.5397135416666666 0.58056640625 0.013671875 0.01123046875
0 0.5325520833333334 0.576171875 0.013020833333333334 0.0107421875
0 0.4973958333333333 0.56103515625 0.014973958333333334 0.01171875
0 0.501953125 0.5537109375 0.014322916666666666 0.01025390625
0 0.5091145833333334 0.546875 0.014322916666666666 0.009765625
0 0.515625 0.53662109375 0.013020833333333334 0.009765625
0 0.5201822916666666 0.52978515625 0.014322916666666666 0.0107421875
0 0.52734375 0.52294921875 0.015625 0.01123046875
0 0.5338541666666666 0.51513671875 0.017578125 0.01123046875
0 0.5436197916666666 0.509765625 0.017578125 0.01220703125
0 0.4283854166666667 0.56982421875 0.013020833333333334 0.013671875
0 0.4186197916666667 0.564453125 0.014322916666666666 0.01220703125
0 0.4127604166666667 0.55810546875 0.014973958333333334 0.01025390625
0 0.4075520833333333 0.55078125 0.014973958333333334 0.009765625
0 0.40234375 0.5439453125 0.016276041666666668 0.00927734375
0 0.3971354166666667 0.53466796875 0.016276041666666668 0.0126953125