0 0.5950520833333334 0.5537109375 0.015625 0.00927734375
0 0.5885416666666666 0.56103515625 0.016276041666666668 0.01025390625
0 0.5807291666666666 0.56396484375 0.016276041666666668 0.009765625
0 0.5690104166666666 0.56982421875 0.013671875 0.009765625
0 0.5598958333333334 0.57275390625 0.013020833333333334 0.009765625
0 0.5475260416666666 0.57763671875 0.015625 0.01123046875
0 0.638671875 0.4423828125 0.015625 0.0087890625
0 0.630859375 0.451171875 0.013671875 0.0078125
0 0.6236979166666666 0.45751953125 0.016276041666666668 0.0087890625
0 0.6171875 0.4638671875 0.017578125 0.00830078125
0 0.6087239583333334 0.470703125 0.014322916666666666 0.0087890625
0 0.6022135416666666 0.4765625 0.014973958333333334 0.009765625
0 0.5826822916666666 0.50146484375 0.014973958333333334 0.01025390625
0 0.572265625 0.49755859375 0.014973958333333334 0.009765625
0 0.5625 0.4931640625 0.014973958333333334 0.01171875
0 0.55078125 0.48876953125 0.014322916666666666 0.00927734375
0 0.541015625 0.48486328125 0.013671875 0.01123046875
0 0.5305989583333334 0.47900390625 0.013020833333333334 0.01171875
0 0.521484375 0.474609375 0.016276041666666668 0.01220703125
0 0.513671875 0.46630859375 0.017578125 0.01171875