0 0.5774739583333334 0.4287109375 0.016276041666666668 0.0107421875
0 0.5813802083333334 0.4365234375 0.014322916666666666 0.00927734375
0 0.5833333333333334 0.44482421875 0.014322916666666666 0.00927734375
0 0.5846354166666666 0.45458984375 0.016276041666666668 0.0087890625
0 0.583984375 0.462890625 0.018229166666666668 0.0078125
0 0.5833333333333334 0.4736328125 0.016276041666666668 0.013671875
0 0.5494791666666666 0.357421875 0.013671875 0.009765625
0 0.5481770833333334 0.36572265625 0.01171875 0.01171875
0 0.5423177083333334 0.37548828125 0.014973958333333334 0.0107421875
0 0.5384114583333334 0.38525390625 0.016276041666666668 0.01025390625
0 0.53125 0.3935546875 0.014973958333333334 0.01123046875
0 0.5221354166666666 0.4013671875 0.016927083333333332 0.0107421875
0 0.517578125 0.40966796875 0.017578125 0.01025390625
0 0.5123697916666666 0.41796875 0.016276041666666668 0.01025390625
0 0.4752604166666667 0.40478515625 0.013671875 0.01025390625
0 0.462890625 0.4033203125 0.011067708333333334 0.0107421875
0 0.4505208333333333 0.40185546875 0.011067708333333334 0.0126953125
0 0.4381510416666667 0.3994140625 0.011067708333333334 0.0126953125
0 0.4231770833333333 0.39794921875 0.014322916666666666 0.0126953125