0 0.6783854166666666 0.48046875 0.01171875 0.01318359375
0 0.6653645833333334 0.47998046875 0.013671875 0.01220703125
0 0.65234375 0.48193359375 0.014322916666666666 0.01123046875
0 0.6393229166666666 0.48486328125 0.013020833333333334 0.0126953125
0 0.6256510416666666 0.48681640625 0.013020833333333334 0.01171875
0 0.6145833333333334 0.49169921875 0.015625 0.01220703125
0 0.6015625 0.49365234375 0.013020833333333334 0.009765625
0 0.5904947916666666 0.49658203125 0.01171875 0.009765625
0 0.591796875 0.44482421875 0.013020833333333334 0.01220703125
0 0.5826822916666666 0.44140625 0.013020833333333334 0.01123046875
0 0.5709635416666666 0.43798828125 0.01171875 0.01123046875
0 0.5611979166666666 0.435546875 0.013671875 0.01123046875
0 0.5481770833333334 0.43359375 0.013671875 0.0107421875
0 0.5338541666666666 0.43115234375 0.013671875 0.01318359375
0 0.599609375 0.5244140625 0.013671875 0.0107421875
0 0.5989583333333334 0.53369140625 0.018229166666666668 0.009765625
0 0.5983072916666666 0.5439453125 0.014322916666666666 0.00830078125
0 0.59765625 0.55322265625 0.015625 0.00927734375
0 0.5963541666666666 0.56494140625 0.015625 0.00927734375