0 0.4225260416666667 0.5712890625 0.016276041666666668 0.0107421875
0 0.4186197916666667 0.5634765625 0.014322916666666666 0.00927734375
0 0.4166666666666667 0.55517578125 0.014322916666666666 0.00927734375
0 0.4153645833333333 0.54541015625 0.016276041666666668 0.0087890625
0 0.416015625 0.537109375 0.018229166666666668 0.0078125
0 0.4166666666666667 0.5263671875 0.016276041666666668 0.013671875
0 0.4505208333333333 0.642578125 0.013671875 0.009765625
0 0.4518229166666667 0.63427734375 0.01171875 0.01171875
0 0.4576822916666667 0.62451171875 0.014973958333333334 0.0107421875
0 0.4615885416666667 0.61474609375 0.016276041666666668 0.01025390625
0 0.46875 0.6064453125 0.014973958333333334 0.01123046875
0 0.4778645833333333 0.5986328125 0.016927083333333332 0.0107421875
0 0.482421875 0.59033203125 0.017578125 0.01025390625
0 0.4876302083333333 0.58203125 0.016276041666666668 0.01025390625
0 0.5247395833333334 0.59521484375 0.013671875 0.01025390625
0 0.537109375 0.5966796875 0.011067708333333334 0.0107421875
0 0.5494791666666666 0.59814453125 0.011067708333333334 0.0126953125
0 0.5618489583333334 0.6005859375 0.011067708333333334 0.0126953125
0 0.5768229166666666 0.60205078125 0.014322916666666666 0.0126953125