0 0.5944010416666666 0.46728515625 0.014973958333333334 0.01123046875
0 0.5846354166666666 0.4619140625 0.015625 0.01123046875
0 0.5735677083333334 0.45947265625 0.013671875 0.01123046875
0 0.560546875 0.45654296875 0.014322916666666666 0.01025390625
0 0.5481770833333334 0.45458984375 0.014322916666666666 0.01123046875
0 0.5345052083333334 0.45263671875 0.016276041666666668 0.01025390625
0 0.5227864583333334 0.44921875 0.014322916666666666 0.01220703125
0 0.509765625 0.44775390625 0.012369791666666666 0.01025390625
0 0.498046875 0.44384765625 0.013020833333333334 0.009765625
0 0.58203125 0.51953125 0.013020833333333334 0.01025390625
0 0.5690104166666666 0.52001953125 0.012369791666666666 0.0107421875
0 0.5559895833333334 0.51904296875 0.013020833333333334 0.01123046875
0 0.54296875 0.51806640625 0.011067708333333334 0.0107421875
0 0.5305989583333334 0.51708984375 0.01171875 0.01123046875
0 0.5182291666666666 0.51708984375 0.013020833333333334 0.0107421875
0 0.5950520833333334 0.54296875 0.011067708333333334 0.01123046875
0 0.5846354166666666 0.54345703125 0.01171875 0.01123046875
0 0.572265625 0.54345703125 0.010416666666666666 0.01123046875
0 0.5592447916666666 0.5419921875 0.01171875 0.009765625
0 0.5436197916666666 0.5419921875 0.013671875 0.01025390625