0 0.4055989583333333 0.46728515625 0.014973958333333334 0.01123046875
0 0.4153645833333333 0.4619140625 0.015625 0.01123046875
0 0.4264322916666667 0.45947265625 0.013671875 0.01123046875
0 0.439453125 0.45654296875 0.014322916666666666 0.01025390625
0 0.4518229166666667 0.45458984375 0.014322916666666666 0.01123046875
0 0.4654947916666667 0.45263671875 0.016276041666666668 0.01025390625
0 0.4772135416666667 0.44921875 0.014322916666666666 0.01220703125
0 0.490234375 0.44775390625 0.012369791666666666 0.01025390625
0 0.501953125 0.44384765625 0.013020833333333334 0.009765625
0 0.41796875 0.51953125 0.013020833333333334 0.01025390625
0 0.4309895833333333 0.52001953125 0.012369791666666666 0.0107421875
0 0.4440104166666667 0.51904296875 0.013020833333333334 0.01123046875
0 0.45703125 0.51806640625 0.011067708333333334 0.0107421875
0 0.4694010416666667 0.51708984375 0.01171875 0.01123046875
0 0.4817708333333333 0.51708984375 0.013020833333333334 0.0107421875
0 0.4049479166666667 0.54296875 0.011067708333333334 0.01123046875
0 0.4153645833333333 0.54345703125 0.01171875 0.01123046875
0 0.427734375 0.54345703125 0.010416666666666666 0.01123046875
0 0.4407552083333333 0.5419921875 0.01171875 0.009765625
0 0.4563802083333333 0.5419921875 0.013671875 0.01025390625