0 0.30859375 0.46142578125 0.013020833333333334 0.0107421875
0 0.3216145833333333 0.46337890625 0.014973958333333334 0.01171875
0 0.3326822916666667 0.46826171875 0.014973958333333334 0.0126953125
0 0.345703125 0.4716796875 0.013020833333333334 0.0126953125
0 0.3567708333333333 0.47705078125 0.014322916666666666 0.0126953125
0 0.3684895833333333 0.48388671875 0.014322916666666666 0.0126953125
0 0.3795572916666667 0.4873046875 0.013671875 0.01318359375
0 0.3899739583333333 0.49169921875 0.013020833333333334 0.013671875
0 0.3736979166666667 0.51806640625 0.013020833333333334 0.00927734375
0 0.3717447916666667 0.52734375 0.013020833333333334 0.0087890625
0 0.3684895833333333 0.537109375 0.016927083333333332 0.01123046875
0 0.3658854166666667 0.5458984375 0.016276041666666668 0.0087890625
0 0.3645833333333333 0.5576171875 0.015625 0.00927734375
0 0.4036458333333333 0.443359375 0.013020833333333334 0.0126953125
0 0.4147135416666667 0.43896484375 0.010416666666666666 0.0126953125
0 0.4264322916666667 0.43798828125 0.01171875 0.0126953125
0 0.4388020833333333 0.43701171875 0.013020833333333334 0.01171875
0 0.451171875 0.4375 0.010416666666666666 0.01171875
0 0.46484375 0.43798828125 0.013671875 0.01318359375