0 0.54296875 0.57080078125 0.016276041666666668 0.01025390625
0 0.5501302083333334 0.5634765625 0.014973958333333334 0.009765625
0 0.5546875 0.5537109375 0.014973958333333334 0.00927734375
0 0.5579427083333334 0.54541015625 0.013020833333333334 0.01025390625
0 0.5611979166666666 0.53564453125 0.013020833333333334 0.01025390625
0 0.5631510416666666 0.525390625 0.015625 0.009765625
0 0.5670572916666666 0.51708984375 0.014322916666666666 0.0087890625
0 0.5703125 0.50830078125 0.014322916666666666 0.0068359375
0 0.57421875 0.49853515625 0.016276041666666668 0.0087890625
0 0.4772135416666667 0.5126953125 0.014322916666666666 0.009765625
0 0.4765625 0.5234375 0.015625 0.01123046875
0 0.4752604166666667 0.53125 0.013671875 0.00830078125
0 0.4739583333333333 0.541015625 0.013671875 0.009765625
0 0.474609375 0.55078125 0.013671875 0.00830078125
0 0.4752604166666667 0.56005859375 0.014973958333333334 0.0087890625
0 0.4427083333333333 0.57080078125 0.014973958333333334 0.00927734375
0 0.443359375 0.56201171875 0.015625 0.009765625
0 0.443359375 0.55322265625 0.015625 0.009765625
0 0.443359375 0.54345703125 0.014973958333333334 0.00927734375
0 0.4440104166666667 0.53173828125 0.014973958333333334 0.01123046875