0 0.6634114583333334 0.34033203125 0.044270833333333336 0.0380859375
0 0.5651041666666666 0.28125 0.049479166666666664 0.0498046875
0 0.4361979166666667 0.2451171875 0.0625 0.0322265625
0 0.4147135416666667 0.30712890625 0.033854166666666664 0.02685546875
0 0.4954427083333333 0.48291015625 0.040364583333333336 0.0234375
0 0.576171875 0.4970703125 0.044921875 0.03466796875
0 0.4212239583333333 0.4384765625 0.030598958333333332 0.021484375
0 0.4075520833333333 0.4169921875 0.03515625 0.02783203125
0 0.3411458333333333 0.5107421875 0.042317708333333336 0.0341796875
0 0.14973958333333334 0.40380859375 0.054036458333333336 0.0390625
0 0.12565104166666666 0.35498046875 0.04296875 0.03857421875