0 0.4049479166666667 0.44189453125 0.014322916666666666 0.01220703125
0 0.4153645833333333 0.43896484375 0.012369791666666666 0.0107421875
0 0.4264322916666667 0.4375 0.012369791666666666 0.0107421875
0 0.439453125 0.4365234375 0.01171875 0.01220703125
0 0.4505208333333333 0.43701171875 0.010416666666666666 0.013671875
0 0.46484375 0.4375 0.018229166666666668 0.01220703125
0 0.3098958333333333 0.462890625 0.013020833333333334 0.01025390625
0 0.3209635416666667 0.4638671875 0.015625 0.0087890625
0 0.333984375 0.46826171875 0.014322916666666666 0.01123046875
0 0.3470052083333333 0.47119140625 0.013671875 0.01220703125
0 0.3580729166666667 0.4765625 0.014973958333333334 0.01123046875
0 0.3684895833333333 0.4833984375 0.014322916666666666 0.0126953125
0 0.3795572916666667 0.48681640625 0.013671875 0.01318359375
0 0.390625 0.49072265625 0.013671875 0.01220703125
0 0.373046875 0.5185546875 0.013671875 0.01025390625
0 0.37109375 0.52783203125 0.014322916666666666 0.00830078125
0 0.369140625 0.537109375 0.016927083333333332 0.00830078125
0 0.3658854166666667 0.54638671875 0.016927083333333332 0.00830078125
0 0.3639322916666667 0.5576171875 0.016927083333333332 0.0107421875