0 0.3919270833333333 0.49560546875 0.012369791666666666 0.0078125
0 0.3997395833333333 0.50244140625 0.01171875 0.00732421875
0 0.408203125 0.50830078125 0.013020833333333334 0.0087890625
0 0.4173177083333333 0.5146484375 0.016927083333333332 0.01025390625
0 0.427734375 0.5234375 0.014322916666666666 0.01123046875
0 0.4244791666666667 0.4873046875 0.01171875 0.00927734375
0 0.4322916666666667 0.49267578125 0.010416666666666666 0.00927734375
0 0.44140625 0.50146484375 0.013020833333333334 0.00927734375
0 0.451171875 0.50634765625 0.01171875 0.009765625
0 0.4615885416666667 0.51416015625 0.011067708333333334 0.00927734375
0 0.4700520833333333 0.5205078125 0.013020833333333334 0.01171875
0 0.46484375 0.4443359375 0.010416666666666666 0.009765625
0 0.4765625 0.44580078125 0.010416666666666666 0.0107421875
0 0.4876302083333333 0.45068359375 0.01171875 0.01171875
0 0.4986979166666667 0.455078125 0.012369791666666666 0.01220703125
0 0.5084635416666666 0.4609375 0.014973958333333334 0.0107421875
0 0.51953125 0.4677734375 0.013671875 0.01025390625
0 0.5305989583333334 0.4716796875 0.01171875 0.0107421875
0 0.54296875 0.4765625 0.010416666666666666 0.01171875
0 0.5540364583333334 0.482421875 0.014973958333333334 0.0107421875