0 0.6354166666666666 0.4443359375 0.013671875 0.009765625
0 0.6321614583333334 0.4541015625 0.014973958333333334 0.0078125
0 0.6315104166666666 0.46337890625 0.017578125 0.00732421875
0 0.62890625 0.47265625 0.015625 0.00927734375
0 0.6263020833333334 0.48095703125 0.013671875 0.0078125
0 0.6907552083333334 0.53759765625 0.012369791666666666 0.009765625
0 0.677734375 0.537109375 0.014322916666666666 0.01025390625
0 0.666015625 0.5322265625 0.013020833333333334 0.009765625
0 0.6536458333333334 0.52783203125 0.01171875 0.01220703125
0 0.6412760416666666 0.5224609375 0.012369791666666666 0.01171875
0 0.6321614583333334 0.51611328125 0.015625 0.01171875
0 0.6204427083333334 0.5126953125 0.013671875 0.01171875
0 0.6100260416666666 0.50927734375 0.015625 0.0126953125
0 0.5950520833333334 0.55712890625 0.013020833333333334 0.0107421875
0 0.5852864583333334 0.5615234375 0.010416666666666666 0.0107421875
0 0.5735677083333334 0.5625 0.01171875 0.01025390625
0 0.5618489583333334 0.5625 0.011067708333333334 0.0107421875
0 0.548828125 0.5625 0.01171875 0.01220703125
0 0.5345052083333334 0.56201171875 0.013020833333333334 0.01123046875