0 0.712890625 0.62255859375 0.05078125 0.033203125
0 0.7916666666666666 0.548828125 0.06640625 0.037109375
0 0.83984375 0.4521484375 0.04296875 0.046875
0 0.7571614583333334 0.43603515625 0.035807291666666664 0.025390625
0 0.5227864583333334 0.49658203125 0.03125 0.0302734375
0 0.50390625 0.55712890625 0.046223958333333336 0.03369140625
0 0.58203125 0.44091796875 0.028645833333333332 0.02294921875
0 0.6106770833333334 0.4306640625 0.037109375 0.0263671875
0 0.4856770833333333 0.380859375 0.045572916666666664 0.03173828125
0 0.6282552083333334 0.2373046875 0.052083333333333336 0.04052734375
0 0.693359375 0.21923828125 0.051432291666666664 0.0322265625