0 0.427734375 0.431640625 0.013671875 0.01123046875
0 0.421875 0.43701171875 0.013020833333333334 0.01123046875
0 0.4166666666666667 0.4462890625 0.013671875 0.00927734375
0 0.4140625 0.45556640625 0.016927083333333332 0.009765625
0 0.4108072916666667 0.46435546875 0.014322916666666666 0.01025390625
0 0.4088541666666667 0.47314453125 0.016276041666666668 0.01025390625
0 0.4752604166666667 0.36572265625 0.014322916666666666 0.0087890625
0 0.4733072916666667 0.37548828125 0.014322916666666666 0.01025390625
0 0.4759114583333333 0.3857421875 0.014322916666666666 0.009765625
0 0.4791666666666667 0.39599609375 0.014973958333333334 0.00830078125
0 0.4830729166666667 0.40478515625 0.014322916666666666 0.00830078125
0 0.4895833333333333 0.41455078125 0.014322916666666666 0.0087890625
0 0.4921875 0.42333984375 0.016276041666666668 0.0078125
0 0.4954427083333333 0.431640625 0.014973958333333334 0.0087890625
0 0.5338541666666666 0.42626953125 0.011067708333333334 0.01123046875
0 0.5455729166666666 0.42578125 0.011067708333333334 0.01171875
0 0.556640625 0.42578125 0.013020833333333334 0.01220703125
0 0.5716145833333334 0.4267578125 0.012369791666666666 0.01318359375
0 0.5865885416666666 0.42822265625 0.014322916666666666 0.013671875