0 0.3626302083333333 0.5576171875 0.016927083333333332 0.013671875
0 0.3704427083333333 0.54931640625 0.018229166666666668 0.01171875
0 0.3776041666666667 0.54150390625 0.015625 0.0126953125
0 0.3860677083333333 0.5361328125 0.015625 0.0107421875
0 0.3919270833333333 0.5302734375 0.014973958333333334 0.0107421875
0 0.3990885416666667 0.52392578125 0.016927083333333332 0.01123046875
0 0.4186197916666667 0.49755859375 0.012369791666666666 0.0126953125
0 0.427734375 0.501953125 0.013020833333333334 0.0126953125
0 0.4381510416666667 0.50830078125 0.014973958333333334 0.01220703125
0 0.451171875 0.5126953125 0.013020833333333334 0.01220703125
0 0.4602864583333333 0.515625 0.014973958333333334 0.01220703125
0 0.470703125 0.52099609375 0.016276041666666668 0.01171875
0 0.4798177083333333 0.525390625 0.018229166666666668 0.0126953125
0 0.4869791666666667 0.53515625 0.01953125 0.0126953125
0 0.4075520833333333 0.4462890625 0.016927083333333332 0.0107421875
0 0.4134114583333333 0.43994140625 0.015625 0.0126953125
0 0.4231770833333333 0.435546875 0.014973958333333334 0.01123046875
0 0.43359375 0.43017578125 0.016276041666666668 0.0107421875
0 0.4420572916666667 0.4267578125 0.015625 0.0107421875
0 0.4544270833333333 0.42333984375 0.016276041666666668 0.01171875