0 0.5397135416666666 0.42822265625 0.013671875 0.01171875
0 0.5481770833333334 0.435546875 0.014322916666666666 0.0107421875
0 0.5514322916666666 0.4443359375 0.014973958333333334 0.0107421875
0 0.5546875 0.4541015625 0.013671875 0.0107421875
0 0.556640625 0.46337890625 0.015625 0.01123046875
0 0.5592447916666666 0.47265625 0.013020833333333334 0.01220703125
0 0.5638020833333334 0.482421875 0.016276041666666668 0.01171875
0 0.5677083333333334 0.49072265625 0.013671875 0.00927734375
0 0.5709635416666666 0.5009765625 0.017578125 0.00927734375
0 0.4713541666666667 0.43798828125 0.013671875 0.01123046875
0 0.4720052083333333 0.4482421875 0.015625 0.009765625
0 0.4713541666666667 0.45751953125 0.018880208333333332 0.0107421875
0 0.47265625 0.46630859375 0.015625 0.01025390625
0 0.47265625 0.4765625 0.016276041666666668 0.00927734375
0 0.474609375 0.48681640625 0.016276041666666668 0.01025390625
0 0.439453125 0.427734375 0.015625 0.009765625
0 0.439453125 0.4365234375 0.014322916666666666 0.009765625
0 0.439453125 0.44580078125 0.014973958333333334 0.00927734375
0 0.4401041666666667 0.4560546875 0.016927083333333332 0.009765625
0 0.4407552083333333 0.4677734375 0.014973958333333334 0.01220703125