0 0.408203125 0.4453125 0.013671875 0.009765625
0 0.4140625 0.4384765625 0.013020833333333334 0.00927734375
0 0.423828125 0.43505859375 0.013020833333333334 0.01123046875
0 0.431640625 0.431640625 0.013671875 0.01025390625
0 0.4427083333333333 0.427734375 0.013671875 0.00927734375
0 0.4544270833333333 0.42333984375 0.016276041666666668 0.0087890625
0 0.4192708333333333 0.49755859375 0.013020833333333334 0.0107421875
0 0.4290364583333333 0.50244140625 0.013020833333333334 0.01220703125
0 0.4388020833333333 0.5078125 0.014973958333333334 0.01123046875
0 0.4498697916666667 0.5107421875 0.013671875 0.01171875
0 0.4615885416666667 0.51611328125 0.013671875 0.009765625
0 0.470703125 0.521484375 0.013671875 0.01220703125
0 0.4811197916666667 0.5263671875 0.014973958333333334 0.01025390625
0 0.48828125 0.5341796875 0.016276041666666668 0.01123046875
0 0.3626302083333333 0.5576171875 0.015625 0.009765625
0 0.37109375 0.5498046875 0.014973958333333334 0.01123046875
0 0.3782552083333333 0.5419921875 0.013671875 0.01025390625
0 0.3854166666666667 0.5361328125 0.014973958333333334 0.009765625
0 0.3919270833333333 0.529296875 0.013020833333333334 0.01123046875
0 0.3990885416666667 0.52392578125 0.013020833333333334 0.009765625