0 0.494140625 0.4189453125 0.010416666666666666 0.00927734375
0 0.5032552083333334 0.4248046875 0.009765625 0.0087890625
0 0.5110677083333334 0.43115234375 0.01171875 0.009765625
0 0.51953125 0.43798828125 0.013671875 0.0126953125
0 0.53125 0.44580078125 0.014973958333333334 0.0107421875
0 0.4830729166666667 0.443359375 0.012369791666666666 0.0087890625
0 0.490234375 0.44921875 0.012369791666666666 0.0078125
0 0.501953125 0.4560546875 0.012369791666666666 0.009765625
0 0.5084635416666666 0.46337890625 0.013020833333333334 0.0087890625
0 0.5188802083333334 0.47119140625 0.012369791666666666 0.00830078125
0 0.52734375 0.4775390625 0.015625 0.009765625
0 0.42578125 0.4736328125 0.013020833333333334 0.0078125
0 0.427734375 0.482421875 0.014322916666666666 0.0078125
0 0.4342447916666667 0.49072265625 0.015625 0.0087890625
0 0.4401041666666667 0.4990234375 0.016276041666666668 0.00927734375
0 0.4479166666666667 0.50634765625 0.014322916666666666 0.01123046875
0 0.45703125 0.5146484375 0.013671875 0.01025390625
0 0.4622395833333333 0.52294921875 0.014322916666666666 0.0087890625
0 0.46875 0.5322265625 0.015625 0.0078125
0 0.4765625 0.54052734375 0.014322916666666666 0.01123046875