0 0.3919270833333333 0.49560546875 0.014973958333333334 0.0087890625
0 0.3990885416666667 0.50341796875 0.01171875 0.0087890625
0 0.4075520833333333 0.5087890625 0.013020833333333334 0.01025390625
0 0.4166666666666667 0.51513671875 0.013671875 0.0078125
0 0.427734375 0.5244140625 0.015625 0.01025390625
0 0.4251302083333333 0.4873046875 0.013020833333333334 0.00732421875
0 0.43359375 0.49462890625 0.014322916666666666 0.0107421875
0 0.4407552083333333 0.5009765625 0.013020833333333334 0.00927734375
0 0.4505208333333333 0.50732421875 0.012369791666666666 0.009765625
0 0.4602864583333333 0.5146484375 0.012369791666666666 0.0087890625
0 0.4694010416666667 0.5205078125 0.013020833333333334 0.01123046875
0 0.462890625 0.4443359375 0.0078125 0.0107421875
0 0.4765625 0.44580078125 0.011067708333333334 0.01025390625
0 0.486328125 0.451171875 0.01171875 0.01025390625
0 0.498046875 0.4560546875 0.014322916666666666 0.01123046875
0 0.5084635416666666 0.4609375 0.012369791666666666 0.01123046875
0 0.5201822916666666 0.46728515625 0.01171875 0.0126953125
0 0.5325520833333334 0.47119140625 0.013671875 0.01025390625
0 0.5533854166666666 0.4814453125 0.013020833333333334 0.01025390625
0 0.5416666666666666 0.47705078125 0.01171875 0.01171875