0 0.5950520833333334 0.45751953125 0.014322916666666666 0.01171875
0 0.5826822916666666 0.4560546875 0.016276041666666668 0.0107421875
0 0.5709635416666666 0.45703125 0.016927083333333332 0.01220703125
0 0.55859375 0.45703125 0.016927083333333332 0.01171875
0 0.54296875 0.45751953125 0.016276041666666668 0.01318359375
0 0.5807291666666666 0.4794921875 0.012369791666666666 0.01123046875
0 0.5690104166666666 0.48095703125 0.01171875 0.01220703125
0 0.556640625 0.48095703125 0.015625 0.01123046875
0 0.5436197916666666 0.4814453125 0.01171875 0.0126953125
0 0.5305989583333334 0.48291015625 0.013020833333333334 0.013671875
0 0.5182291666666666 0.4833984375 0.014322916666666666 0.0107421875
0 0.59375 0.53271484375 0.014973958333333334 0.01171875
0 0.5852864583333334 0.5380859375 0.016927083333333332 0.01171875
0 0.5735677083333334 0.541015625 0.013020833333333334 0.0107421875
0 0.560546875 0.54345703125 0.013020833333333334 0.01171875
0 0.546875 0.54541015625 0.015625 0.0107421875
0 0.5345052083333334 0.546875 0.014973958333333334 0.0126953125
0 0.521484375 0.55078125 0.016927083333333332 0.0087890625
0 0.51171875 0.55224609375 0.012369791666666666 0.01318359375
0 0.4986979166666667 0.55419921875 0.014322916666666666 0.01123046875