0 0.3216145833333333 0.48046875 0.01171875 0.01318359375
0 0.3346354166666667 0.47998046875 0.013671875 0.01220703125
0 0.34765625 0.48193359375 0.014322916666666666 0.01123046875
0 0.3606770833333333 0.48486328125 0.013020833333333334 0.0126953125
0 0.3743489583333333 0.48681640625 0.013020833333333334 0.01171875
0 0.3854166666666667 0.49169921875 0.015625 0.01220703125
0 0.3984375 0.49365234375 0.013020833333333334 0.009765625
0 0.4095052083333333 0.49658203125 0.01171875 0.009765625
0 0.408203125 0.44482421875 0.013020833333333334 0.01220703125
0 0.4173177083333333 0.44140625 0.013020833333333334 0.01123046875
0 0.4290364583333333 0.43798828125 0.01171875 0.01123046875
0 0.4388020833333333 0.435546875 0.013671875 0.01123046875
0 0.4518229166666667 0.43359375 0.013671875 0.0107421875
0 0.4661458333333333 0.43115234375 0.013671875 0.01318359375
0 0.400390625 0.5244140625 0.013671875 0.0107421875
0 0.4010416666666667 0.53369140625 0.018229166666666668 0.009765625
0 0.4016927083333333 0.5439453125 0.014322916666666666 0.00830078125
0 0.40234375 0.55322265625 0.015625 0.00927734375
0 0.4036458333333333 0.56494140625 0.015625 0.00927734375