0 0.6373697916666666 0.5576171875 0.016927083333333332 0.013671875
0 0.6295572916666666 0.54931640625 0.018229166666666668 0.01171875
0 0.6223958333333334 0.54150390625 0.015625 0.0126953125
0 0.6139322916666666 0.5361328125 0.015625 0.0107421875
0 0.6080729166666666 0.5302734375 0.014973958333333334 0.0107421875
0 0.6009114583333334 0.52392578125 0.016927083333333332 0.01123046875
0 0.5813802083333334 0.49755859375 0.012369791666666666 0.0126953125
0 0.572265625 0.501953125 0.013020833333333334 0.0126953125
0 0.5618489583333334 0.50830078125 0.014973958333333334 0.01220703125
0 0.548828125 0.5126953125 0.013020833333333334 0.01220703125
0 0.5397135416666666 0.515625 0.014973958333333334 0.01220703125
0 0.529296875 0.52099609375 0.016276041666666668 0.01171875
0 0.5201822916666666 0.525390625 0.018229166666666668 0.0126953125
0 0.5130208333333334 0.53515625 0.01953125 0.0126953125
0 0.5924479166666666 0.4462890625 0.016927083333333332 0.0107421875
0 0.5865885416666666 0.43994140625 0.015625 0.0126953125
0 0.5768229166666666 0.435546875 0.014973958333333334 0.01123046875
0 0.56640625 0.43017578125 0.016276041666666668 0.0107421875
0 0.5579427083333334 0.4267578125 0.015625 0.0107421875
0 0.5455729166666666 0.42333984375 0.016276041666666668 0.01171875