0 0.45703125 0.42919921875 0.016276041666666668 0.01025390625
0 0.4498697916666667 0.4365234375 0.014973958333333334 0.009765625
0 0.4453125 0.4462890625 0.014973958333333334 0.00927734375
0 0.4420572916666667 0.45458984375 0.013020833333333334 0.01025390625
0 0.4388020833333333 0.46435546875 0.013020833333333334 0.01025390625
0 0.4368489583333333 0.474609375 0.015625 0.009765625
0 0.4329427083333333 0.48291015625 0.014322916666666666 0.0087890625
0 0.4296875 0.49169921875 0.014322916666666666 0.0068359375
0 0.42578125 0.50146484375 0.016276041666666668 0.0087890625
0 0.5227864583333334 0.4873046875 0.014322916666666666 0.009765625
0 0.5234375 0.4765625 0.015625 0.01123046875
0 0.5247395833333334 0.46875 0.013671875 0.00830078125
0 0.5260416666666666 0.458984375 0.013671875 0.009765625
0 0.525390625 0.44921875 0.013671875 0.00830078125
0 0.5247395833333334 0.43994140625 0.014973958333333334 0.0087890625
0 0.5572916666666666 0.42919921875 0.014973958333333334 0.00927734375
0 0.556640625 0.43798828125 0.015625 0.009765625
0 0.556640625 0.44677734375 0.015625 0.009765625
0 0.556640625 0.45654296875 0.014973958333333334 0.00927734375
0 0.5559895833333334 0.46826171875 0.014973958333333334 0.01123046875