0 0.4088541666666667 0.44580078125 0.014973958333333334 0.01025390625
0 0.416015625 0.44140625 0.014973958333333334 0.009765625
0 0.4283854166666667 0.4375 0.012369791666666666 0.01025390625
0 0.4407552083333333 0.435546875 0.013020833333333334 0.0126953125
0 0.4524739583333333 0.43310546875 0.013671875 0.0107421875
0 0.4641927083333333 0.431640625 0.013671875 0.01220703125
0 0.3209635416666667 0.4814453125 0.01171875 0.0107421875
0 0.333984375 0.47998046875 0.013671875 0.0107421875
0 0.34765625 0.48193359375 0.013020833333333334 0.0107421875
0 0.361328125 0.484375 0.011067708333333334 0.01123046875
0 0.373046875 0.4873046875 0.011067708333333334 0.0107421875
0 0.3860677083333333 0.4921875 0.01171875 0.0107421875
0 0.3977864583333333 0.494140625 0.010416666666666666 0.01220703125
0 0.4088541666666667 0.49658203125 0.01171875 0.01123046875
0 0.4016927083333333 0.525390625 0.014973958333333334 0.00830078125
0 0.4010416666666667 0.5341796875 0.015625 0.00830078125
0 0.4010416666666667 0.54248046875 0.016276041666666668 0.009765625
0 0.40234375 0.5537109375 0.017578125 0.00927734375
0 0.404296875 0.56494140625 0.018229166666666668 0.0107421875