0 0.6380208333333334 0.5576171875 0.018880208333333332 0.00927734375
0 0.6295572916666666 0.548828125 0.016927083333333332 0.00927734375
0 0.6223958333333334 0.541015625 0.016927083333333332 0.01318359375
0 0.615234375 0.53515625 0.014322916666666666 0.01025390625
0 0.607421875 0.52978515625 0.014973958333333334 0.01025390625
0 0.6015625 0.5244140625 0.014322916666666666 0.009765625
0 0.5813802083333334 0.498046875 0.015625 0.01123046875
0 0.5716145833333334 0.50146484375 0.013671875 0.0107421875
0 0.5625 0.5068359375 0.013020833333333334 0.0107421875
0 0.548828125 0.51171875 0.013020833333333334 0.009765625
0 0.5397135416666666 0.51513671875 0.014322916666666666 0.0107421875
0 0.5305989583333334 0.5205078125 0.014973958333333334 0.01171875
0 0.5201822916666666 0.525390625 0.014973958333333334 0.01318359375
0 0.5130208333333334 0.53271484375 0.016276041666666668 0.01318359375
0 0.5930989583333334 0.4462890625 0.018229166666666668 0.009765625
0 0.5859375 0.43896484375 0.016276041666666668 0.0107421875
0 0.5774739583333334 0.4345703125 0.013671875 0.01123046875
0 0.5677083333333334 0.4306640625 0.013020833333333334 0.01123046875
0 0.55859375 0.4267578125 0.012369791666666666 0.01220703125
0 0.5462239583333334 0.4228515625 0.016927083333333332 0.01220703125