0 0.4049479166666667 0.46630859375 0.013020833333333334 0.01025390625
0 0.4147135416666667 0.462890625 0.012369791666666666 0.01025390625
0 0.427734375 0.45947265625 0.011067708333333334 0.01123046875
0 0.439453125 0.4580078125 0.01171875 0.0107421875
0 0.4518229166666667 0.4560546875 0.013020833333333334 0.01171875
0 0.4654947916666667 0.4541015625 0.013020833333333334 0.01025390625
0 0.4772135416666667 0.45068359375 0.012369791666666666 0.01171875
0 0.4895833333333333 0.44677734375 0.013020833333333334 0.0126953125
0 0.501953125 0.44482421875 0.013671875 0.0107421875
0 0.4186197916666667 0.52001953125 0.01171875 0.01171875
0 0.4303385416666667 0.51953125 0.013020833333333334 0.0107421875
0 0.4440104166666667 0.5205078125 0.013671875 0.01171875
0 0.45703125 0.51806640625 0.013020833333333334 0.01123046875
0 0.46875 0.51806640625 0.014322916666666666 0.0126953125
0 0.48046875 0.51806640625 0.014973958333333334 0.01123046875
0 0.404296875 0.54345703125 0.013671875 0.009765625
0 0.4166666666666667 0.544921875 0.013020833333333334 0.01025390625
0 0.4290364583333333 0.54345703125 0.01171875 0.01025390625
0 0.4420572916666667 0.54296875 0.013671875 0.0107421875
0 0.4563802083333333 0.5419921875 0.016276041666666668 0.0107421875