0 0.4049479166666667 0.5537109375 0.015625 0.00927734375
0 0.4114583333333333 0.56103515625 0.016276041666666668 0.01025390625
0 0.4192708333333333 0.56396484375 0.016276041666666668 0.009765625
0 0.4309895833333333 0.56982421875 0.013671875 0.009765625
0 0.4401041666666667 0.57275390625 0.013020833333333334 0.009765625
0 0.4524739583333333 0.57763671875 0.015625 0.01123046875
0 0.361328125 0.4423828125 0.015625 0.0087890625
0 0.369140625 0.451171875 0.013671875 0.0078125
0 0.3763020833333333 0.45751953125 0.016276041666666668 0.0087890625
0 0.3828125 0.4638671875 0.017578125 0.00830078125
0 0.3912760416666667 0.470703125 0.014322916666666666 0.0087890625
0 0.3977864583333333 0.4765625 0.014973958333333334 0.009765625
0 0.4173177083333333 0.50146484375 0.014973958333333334 0.01025390625
0 0.427734375 0.49755859375 0.014973958333333334 0.009765625
0 0.4375 0.4931640625 0.014973958333333334 0.01171875
0 0.44921875 0.48876953125 0.014322916666666666 0.00927734375
0 0.458984375 0.48486328125 0.013671875 0.01123046875
0 0.4694010416666667 0.47900390625 0.013020833333333334 0.01171875
0 0.478515625 0.474609375 0.016276041666666668 0.01220703125
0 0.486328125 0.46630859375 0.017578125 0.01171875