0 0.4485677083333333 0.3564453125 0.014322916666666666 0.009765625
0 0.451171875 0.3662109375 0.015625 0.01123046875
0 0.4576822916666667 0.37451171875 0.016927083333333332 0.01123046875
0 0.4622395833333333 0.38427734375 0.016927083333333332 0.009765625
0 0.4694010416666667 0.392578125 0.016927083333333332 0.0107421875
0 0.478515625 0.4013671875 0.016927083333333332 0.0107421875
0 0.4830729166666667 0.40966796875 0.017578125 0.01025390625
0 0.4889322916666667 0.41748046875 0.018229166666666668 0.009765625
0 0.5240885416666666 0.4052734375 0.012369791666666666 0.009765625
0 0.5364583333333334 0.40380859375 0.01171875 0.009765625
0 0.5494791666666666 0.4013671875 0.014973958333333334 0.0126953125
0 0.5611979166666666 0.3994140625 0.01171875 0.01220703125
0 0.5768229166666666 0.3984375 0.012369791666666666 0.01171875
0 0.4244791666666667 0.427734375 0.016927083333333332 0.009765625
0 0.4186197916666667 0.43603515625 0.016927083333333332 0.0078125
0 0.4173177083333333 0.44482421875 0.016927083333333332 0.0087890625
0 0.416015625 0.4541015625 0.015625 0.009765625
0 0.4166666666666667 0.46337890625 0.015625 0.0078125
0 0.4173177083333333 0.4736328125 0.017578125 0.01025390625