0 0.4049479166666667 0.54248046875 0.014322916666666666 0.01171875
0 0.4173177083333333 0.5439453125 0.016276041666666668 0.0107421875
0 0.4290364583333333 0.54296875 0.016927083333333332 0.01220703125
0 0.44140625 0.54296875 0.016927083333333332 0.01171875
0 0.45703125 0.54248046875 0.016276041666666668 0.01318359375
0 0.4192708333333333 0.5205078125 0.012369791666666666 0.01123046875
0 0.4309895833333333 0.51904296875 0.01171875 0.01220703125
0 0.443359375 0.51904296875 0.015625 0.01123046875
0 0.4563802083333333 0.5185546875 0.01171875 0.0126953125
0 0.4694010416666667 0.51708984375 0.013020833333333334 0.013671875
0 0.4817708333333333 0.5166015625 0.014322916666666666 0.0107421875
0 0.40625 0.46728515625 0.014973958333333334 0.01171875
0 0.4147135416666667 0.4619140625 0.016927083333333332 0.01171875
0 0.4264322916666667 0.458984375 0.013020833333333334 0.0107421875
0 0.439453125 0.45654296875 0.013020833333333334 0.01171875
0 0.453125 0.45458984375 0.015625 0.0107421875
0 0.4654947916666667 0.453125 0.014973958333333334 0.0126953125
0 0.478515625 0.44921875 0.016927083333333332 0.0087890625
0 0.48828125 0.44775390625 0.012369791666666666 0.01318359375
0 0.5013020833333334 0.44580078125 0.014322916666666666 0.01123046875