0 0.3645833333333333 0.5556640625 0.013671875 0.009765625
0 0.3678385416666667 0.5458984375 0.014973958333333334 0.0078125
0 0.3684895833333333 0.53662109375 0.017578125 0.00732421875
0 0.37109375 0.52734375 0.015625 0.00927734375
0 0.3736979166666667 0.51904296875 0.013671875 0.0078125
0 0.3092447916666667 0.46240234375 0.012369791666666666 0.009765625
0 0.322265625 0.462890625 0.014322916666666666 0.01025390625
0 0.333984375 0.4677734375 0.013020833333333334 0.009765625
0 0.3463541666666667 0.47216796875 0.01171875 0.01220703125
0 0.3587239583333333 0.4775390625 0.012369791666666666 0.01171875
0 0.3678385416666667 0.48388671875 0.015625 0.01171875
0 0.3795572916666667 0.4873046875 0.013671875 0.01171875
0 0.3899739583333333 0.49072265625 0.015625 0.0126953125
0 0.4049479166666667 0.44287109375 0.013020833333333334 0.0107421875
0 0.4147135416666667 0.4384765625 0.010416666666666666 0.0107421875
0 0.4264322916666667 0.4375 0.01171875 0.01025390625
0 0.4381510416666667 0.4375 0.011067708333333334 0.0107421875
0 0.451171875 0.4375 0.01171875 0.01220703125
0 0.4654947916666667 0.43798828125 0.013020833333333334 0.01123046875