0 0.4088541666666667 0.4453125 0.013020833333333334 0.0107421875
0 0.4153645833333333 0.4384765625 0.01171875 0.009765625
0 0.423828125 0.4345703125 0.013671875 0.009765625
0 0.4329427083333333 0.43017578125 0.013020833333333334 0.01025390625
0 0.4420572916666667 0.42578125 0.010416666666666666 0.01123046875
0 0.4557291666666667 0.42333984375 0.014322916666666666 0.01025390625
0 0.4192708333333333 0.4970703125 0.013671875 0.01025390625
0 0.4283854166666667 0.501953125 0.012369791666666666 0.009765625
0 0.4388020833333333 0.5078125 0.012369791666666666 0.01220703125
0 0.4498697916666667 0.5107421875 0.013020833333333334 0.01171875
0 0.4609375 0.51513671875 0.014322916666666666 0.01171875
0 0.4713541666666667 0.52197265625 0.013020833333333334 0.0107421875
0 0.48046875 0.5263671875 0.013671875 0.01123046875
0 0.48828125 0.53466796875 0.013671875 0.01318359375
0 0.3619791666666667 0.55712890625 0.014322916666666666 0.01220703125
0 0.3704427083333333 0.5498046875 0.014973958333333334 0.0107421875
0 0.3782552083333333 0.54150390625 0.013020833333333334 0.0107421875
0 0.3854166666666667 0.53564453125 0.013020833333333334 0.01025390625
0 0.3932291666666667 0.53076171875 0.01171875 0.009765625
0 0.3990885416666667 0.5244140625 0.013671875 0.00830078125