0 0.5514322916666666 0.6435546875 0.014322916666666666 0.009765625
0 0.548828125 0.6337890625 0.015625 0.01123046875
0 0.5423177083333334 0.62548828125 0.016927083333333332 0.01123046875
0 0.5377604166666666 0.61572265625 0.016927083333333332 0.009765625
0 0.5305989583333334 0.607421875 0.016927083333333332 0.0107421875
0 0.521484375 0.5986328125 0.016927083333333332 0.0107421875
0 0.5169270833333334 0.59033203125 0.017578125 0.01025390625
0 0.5110677083333334 0.58251953125 0.018229166666666668 0.009765625
0 0.4759114583333333 0.5947265625 0.012369791666666666 0.009765625
0 0.4635416666666667 0.59619140625 0.01171875 0.009765625
0 0.4505208333333333 0.5986328125 0.014973958333333334 0.0126953125
0 0.4388020833333333 0.6005859375 0.01171875 0.01220703125
0 0.4231770833333333 0.6015625 0.012369791666666666 0.01171875
0 0.5755208333333334 0.572265625 0.016927083333333332 0.009765625
0 0.5813802083333334 0.56396484375 0.016927083333333332 0.0078125
0 0.5826822916666666 0.55517578125 0.016927083333333332 0.0087890625
0 0.583984375 0.5458984375 0.015625 0.009765625
0 0.5833333333333334 0.53662109375 0.015625 0.0078125
0 0.5826822916666666 0.5263671875 0.017578125 0.01025390625