0 0.4270833333333333 0.568359375 0.014322916666666666 0.009765625
0 0.41796875 0.5634765625 0.013020833333333334 0.0087890625
0 0.4127604166666667 0.55712890625 0.013020833333333334 0.01025390625
0 0.4069010416666667 0.55029296875 0.013671875 0.009765625
0 0.4010416666666667 0.54345703125 0.014973958333333334 0.0078125
0 0.3977864583333333 0.533203125 0.013671875 0.0107421875
0 0.49609375 0.560546875 0.013671875 0.01025390625
0 0.5026041666666666 0.5537109375 0.013020833333333334 0.00927734375
0 0.5104166666666666 0.5458984375 0.016276041666666668 0.00927734375
0 0.5143229166666666 0.53759765625 0.015625 0.009765625
0 0.5201822916666666 0.529296875 0.015625 0.0107421875
0 0.529296875 0.521484375 0.014322916666666666 0.009765625
0 0.53515625 0.5146484375 0.014973958333333334 0.01025390625
0 0.5462239583333334 0.5087890625 0.017578125 0.01025390625
0 0.576171875 0.603515625 0.016276041666666668 0.0107421875
0 0.56640625 0.59716796875 0.014322916666666666 0.01123046875
0 0.5553385416666666 0.59130859375 0.014322916666666666 0.009765625
0 0.5475260416666666 0.5859375 0.013671875 0.009765625
0 0.541015625 0.580078125 0.013020833333333334 0.0087890625
0 0.5325520833333334 0.57568359375 0.011067708333333334 0.01025390625