0 0.4563802083333333 0.57080078125 0.014973958333333334 0.01123046875
0 0.44921875 0.5634765625 0.014973958333333334 0.01171875
0 0.4459635416666667 0.55517578125 0.014973958333333334 0.01025390625
0 0.4420572916666667 0.54541015625 0.013671875 0.0107421875
0 0.439453125 0.5361328125 0.014973958333333334 0.0107421875
0 0.4368489583333333 0.52587890625 0.013671875 0.01220703125
0 0.4322916666666667 0.51708984375 0.016276041666666668 0.0107421875
0 0.4303385416666667 0.50732421875 0.013671875 0.00927734375
0 0.4251302083333333 0.49853515625 0.013020833333333334 0.009765625
0 0.5260416666666666 0.5615234375 0.013671875 0.009765625
0 0.5266927083333334 0.5517578125 0.014322916666666666 0.00927734375
0 0.525390625 0.5419921875 0.014973958333333334 0.009765625
0 0.5240885416666666 0.5322265625 0.014322916666666666 0.00830078125
0 0.5227864583333334 0.52294921875 0.014973958333333334 0.0087890625
0 0.5227864583333334 0.513671875 0.014322916666666666 0.009765625
0 0.5572916666666666 0.5712890625 0.014973958333333334 0.00830078125
0 0.5579427083333334 0.5634765625 0.014973958333333334 0.0087890625
0 0.5579427083333334 0.55419921875 0.014973958333333334 0.0078125
0 0.5559895833333334 0.54443359375 0.013020833333333334 0.0087890625
0 0.5559895833333334 0.53271484375 0.013671875 0.01025390625