0 0.6080729166666666 0.50439453125 0.014973958333333334 0.0087890625
0 0.6009114583333334 0.49658203125 0.01171875 0.0087890625
0 0.5924479166666666 0.4912109375 0.013020833333333334 0.01025390625
0 0.5833333333333334 0.48486328125 0.013671875 0.0078125
0 0.572265625 0.4755859375 0.015625 0.01025390625
0 0.5748697916666666 0.5126953125 0.013020833333333334 0.00732421875
0 0.56640625 0.50537109375 0.014322916666666666 0.0107421875
0 0.5592447916666666 0.4990234375 0.013020833333333334 0.00927734375
0 0.5494791666666666 0.49267578125 0.012369791666666666 0.009765625
0 0.5397135416666666 0.4853515625 0.012369791666666666 0.0087890625
0 0.5305989583333334 0.4794921875 0.013020833333333334 0.01123046875
0 0.537109375 0.5556640625 0.0078125 0.0107421875
0 0.5234375 0.55419921875 0.011067708333333334 0.01025390625
0 0.513671875 0.548828125 0.01171875 0.01025390625
0 0.501953125 0.5439453125 0.014322916666666666 0.01123046875
0 0.4915364583333333 0.5390625 0.012369791666666666 0.01123046875
0 0.4798177083333333 0.53271484375 0.01171875 0.0126953125
0 0.4674479166666667 0.52880859375 0.013671875 0.01025390625
0 0.4466145833333333 0.5185546875 0.013020833333333334 0.01025390625
0 0.4583333333333333 0.52294921875 0.01171875 0.01171875