0 0.556640625 0.5712890625 0.015625 0.0107421875
0 0.55859375 0.56201171875 0.014322916666666666 0.01220703125
0 0.5572916666666666 0.55322265625 0.016276041666666668 0.0126953125
0 0.5572916666666666 0.5439453125 0.015625 0.0126953125
0 0.556640625 0.5322265625 0.017578125 0.01220703125
0 0.52734375 0.560546875 0.014973958333333334 0.00927734375
0 0.525390625 0.5517578125 0.016276041666666668 0.0087890625
0 0.525390625 0.54248046875 0.014973958333333334 0.01171875
0 0.5247395833333334 0.53271484375 0.016927083333333332 0.0087890625
0 0.5227864583333334 0.52294921875 0.018229166666666668 0.009765625
0 0.5221354166666666 0.513671875 0.014322916666666666 0.0107421875
0 0.4563802083333333 0.5703125 0.015625 0.01123046875
0 0.44921875 0.56396484375 0.015625 0.0126953125
0 0.4453125 0.55517578125 0.014322916666666666 0.009765625
0 0.4420572916666667 0.54541015625 0.015625 0.009765625
0 0.439453125 0.53515625 0.014322916666666666 0.01171875
0 0.4375 0.52587890625 0.016927083333333332 0.01123046875
0 0.4322916666666667 0.51611328125 0.01171875 0.0126953125
0 0.4303385416666667 0.5087890625 0.017578125 0.00927734375
0 0.427734375 0.4990234375 0.014973958333333334 0.0107421875