0 0.408203125 0.5546875 0.013671875 0.009765625
0 0.4140625 0.5615234375 0.013020833333333334 0.00927734375
0 0.423828125 0.56494140625 0.013020833333333334 0.01123046875
0 0.431640625 0.568359375 0.013671875 0.01025390625
0 0.4427083333333333 0.572265625 0.013671875 0.00927734375
0 0.4544270833333333 0.57666015625 0.016276041666666668 0.0087890625
0 0.4192708333333333 0.50244140625 0.013020833333333334 0.0107421875
0 0.4290364583333333 0.49755859375 0.013020833333333334 0.01220703125
0 0.4388020833333333 0.4921875 0.014973958333333334 0.01123046875
0 0.4498697916666667 0.4892578125 0.013671875 0.01171875
0 0.4615885416666667 0.48388671875 0.013671875 0.009765625
0 0.470703125 0.478515625 0.013671875 0.01220703125
0 0.4811197916666667 0.4736328125 0.014973958333333334 0.01025390625
0 0.48828125 0.4658203125 0.016276041666666668 0.01123046875
0 0.3626302083333333 0.4423828125 0.015625 0.009765625
0 0.37109375 0.4501953125 0.014973958333333334 0.01123046875
0 0.3782552083333333 0.4580078125 0.013671875 0.01025390625
0 0.3854166666666667 0.4638671875 0.014973958333333334 0.009765625
0 0.3919270833333333 0.470703125 0.013020833333333334 0.01123046875
0 0.3990885416666667 0.47607421875 0.013020833333333334 0.009765625