0 0.287109375 0.37744140625 0.05078125 0.033203125
0 0.20833333333333334 0.451171875 0.06640625 0.037109375
0 0.16015625 0.5478515625 0.04296875 0.046875
0 0.24283854166666666 0.56396484375 0.035807291666666664 0.025390625
0 0.4772135416666667 0.50341796875 0.03125 0.0302734375
0 0.49609375 0.44287109375 0.046223958333333336 0.03369140625
0 0.41796875 0.55908203125 0.028645833333333332 0.02294921875
0 0.3893229166666667 0.5693359375 0.037109375 0.0263671875
0 0.5143229166666666 0.619140625 0.045572916666666664 0.03173828125
0 0.3717447916666667 0.7626953125 0.052083333333333336 0.04052734375
0 0.306640625 0.78076171875 0.051432291666666664 0.0322265625