0 0.4055989583333333 0.4462890625 0.014322916666666666 0.01171875
0 0.4140625 0.43994140625 0.014322916666666666 0.01025390625
0 0.4212239583333333 0.435546875 0.013671875 0.0107421875
0 0.4322916666666667 0.4306640625 0.014322916666666666 0.01171875
0 0.4427083333333333 0.4267578125 0.013020833333333334 0.01220703125
0 0.4537760416666667 0.423828125 0.015625 0.0107421875
0 0.4173177083333333 0.49658203125 0.016927083333333332 0.01171875
0 0.4283854166666667 0.501953125 0.017578125 0.01123046875
0 0.4375 0.5078125 0.015625 0.01171875
0 0.451171875 0.51171875 0.013020833333333334 0.01025390625
0 0.4602864583333333 0.51513671875 0.015625 0.01220703125
0 0.4700520833333333 0.5205078125 0.017578125 0.01220703125
0 0.4811197916666667 0.52685546875 0.015625 0.01220703125
0 0.4869791666666667 0.5341796875 0.017578125 0.01318359375
0 0.3619791666666667 0.55859375 0.015625 0.01025390625
0 0.3697916666666667 0.54931640625 0.017578125 0.01220703125
0 0.3782552083333333 0.5419921875 0.014973958333333334 0.01220703125
0 0.3854166666666667 0.53515625 0.014973958333333334 0.01171875
0 0.3912760416666667 0.52978515625 0.014322916666666666 0.0107421875
0 0.3971354166666667 0.52392578125 0.016276041666666668 0.01123046875