0 0.404296875 0.47021484375 0.015625 0.01025390625
0 0.4140625 0.4638671875 0.014322916666666666 0.0107421875
0 0.42578125 0.46142578125 0.014322916666666666 0.01123046875
0 0.4388020833333333 0.458984375 0.014322916666666666 0.01025390625
0 0.451171875 0.45751953125 0.014973958333333334 0.01171875
0 0.4635416666666667 0.45556640625 0.016276041666666668 0.009765625
0 0.4765625 0.4521484375 0.015625 0.01220703125
0 0.4876302083333333 0.44921875 0.012369791666666666 0.01025390625
0 0.5013020833333334 0.44677734375 0.012369791666666666 0.01318359375
0 0.4173177083333333 0.521484375 0.014973958333333334 0.01025390625
0 0.4309895833333333 0.52099609375 0.013020833333333334 0.01171875
0 0.443359375 0.521484375 0.014322916666666666 0.01416015625
0 0.455078125 0.5205078125 0.013671875 0.01171875
0 0.46875 0.5205078125 0.012369791666666666 0.01220703125
0 0.482421875 0.51904296875 0.013671875 0.01220703125
0 0.4036458333333333 0.54541015625 0.013020833333333334 0.01171875
0 0.4153645833333333 0.54541015625 0.013020833333333334 0.0107421875
0 0.427734375 0.54541015625 0.012369791666666666 0.01123046875
0 0.44140625 0.544921875 0.013020833333333334 0.0126953125
0 0.45703125 0.54443359375 0.016276041666666668 0.01123046875