0 0.4231770833333333 0.60302734375 0.018229166666666668 0.0126953125
0 0.4342447916666667 0.59716796875 0.015625 0.013671875
0 0.4446614583333333 0.591796875 0.016927083333333332 0.01171875
0 0.4518229166666667 0.58544921875 0.014322916666666666 0.01171875
0 0.4596354166666667 0.5810546875 0.014322916666666666 0.01123046875
0 0.4680989583333333 0.57568359375 0.014973958333333334 0.0126953125
0 0.5032552083333334 0.56103515625 0.016927083333333332 0.00927734375
0 0.4973958333333333 0.55419921875 0.016927083333333332 0.009765625
0 0.4889322916666667 0.54638671875 0.016276041666666668 0.01123046875
0 0.4830729166666667 0.53662109375 0.016276041666666668 0.009765625
0 0.4791666666666667 0.52978515625 0.016276041666666668 0.01123046875
0 0.4720052083333333 0.52197265625 0.015625 0.01220703125
0 0.4661458333333333 0.51513671875 0.016927083333333332 0.013671875
0 0.453125 0.509765625 0.016927083333333332 0.0146484375
0 0.5716145833333334 0.5693359375 0.014322916666666666 0.0126953125
0 0.580078125 0.56494140625 0.016927083333333332 0.01171875
0 0.5859375 0.5576171875 0.014973958333333334 0.01123046875
0 0.5930989583333334 0.5498046875 0.014322916666666666 0.01220703125
0 0.59765625 0.54345703125 0.014322916666666666 0.01171875
0 0.6022135416666666 0.5341796875 0.015625 0.01220703125