0 0.4283854166666667 0.42919921875 0.015625 0.0107421875
0 0.419921875 0.435546875 0.013671875 0.0107421875
0 0.4140625 0.44091796875 0.014322916666666666 0.01025390625
0 0.4075520833333333 0.44921875 0.015625 0.0107421875
0 0.40234375 0.45703125 0.016276041666666668 0.009765625
0 0.3984375 0.46533203125 0.014322916666666666 0.01171875
0 0.4954427083333333 0.43798828125 0.015625 0.0126953125
0 0.5026041666666666 0.4462890625 0.014973958333333334 0.01318359375
0 0.5104166666666666 0.453125 0.015625 0.01171875
0 0.515625 0.46337890625 0.013671875 0.009765625
0 0.5201822916666666 0.47021484375 0.016276041666666668 0.01171875
0 0.52734375 0.4775390625 0.016276041666666668 0.01318359375
0 0.5358072916666666 0.48583984375 0.016276041666666668 0.01171875
0 0.5455729166666666 0.490234375 0.017578125 0.01318359375
0 0.578125 0.396484375 0.013671875 0.01171875
0 0.5657552083333334 0.40234375 0.016276041666666668 0.01318359375
0 0.5559895833333334 0.40869140625 0.016276041666666668 0.01123046875
0 0.546875 0.4140625 0.015625 0.01123046875
0 0.5397135416666666 0.41845703125 0.014322916666666666 0.0107421875
0 0.5319010416666666 0.4228515625 0.014973958333333334 0.01220703125