0 0.5911458333333334 0.44580078125 0.014973958333333334 0.01025390625
0 0.583984375 0.44140625 0.014973958333333334 0.009765625
0 0.5716145833333334 0.4375 0.012369791666666666 0.01025390625
0 0.5592447916666666 0.435546875 0.013020833333333334 0.0126953125
0 0.5475260416666666 0.43310546875 0.013671875 0.0107421875
0 0.5358072916666666 0.431640625 0.013671875 0.01220703125
0 0.6790364583333334 0.4814453125 0.01171875 0.0107421875
0 0.666015625 0.47998046875 0.013671875 0.0107421875
0 0.65234375 0.48193359375 0.013020833333333334 0.0107421875
0 0.638671875 0.484375 0.011067708333333334 0.01123046875
0 0.626953125 0.4873046875 0.011067708333333334 0.0107421875
0 0.6139322916666666 0.4921875 0.01171875 0.0107421875
0 0.6022135416666666 0.494140625 0.010416666666666666 0.01220703125
0 0.5911458333333334 0.49658203125 0.01171875 0.01123046875
0 0.5983072916666666 0.525390625 0.014973958333333334 0.00830078125
0 0.5989583333333334 0.5341796875 0.015625 0.00830078125
0 0.5989583333333334 0.54248046875 0.016276041666666668 0.009765625
0 0.59765625 0.5537109375 0.017578125 0.00927734375
0 0.595703125 0.56494140625 0.018229166666666668 0.0107421875