0 0.3853637900390625 0.16694867447916664 0.3942470390625 0.17540891145833334 0.39974619287109375 0.17710095898437497 0.4043993232421875 0.17540891145833334 0.4378172587890625 0.14495205859375002 0.4382402705078125 0.138747884765625 0.41878172607421876 0.0795262265625 0.39974619287109375 0.07106598958333334 0.3891708969726563 0.0795262265625 0.3908629443359375 0.08911449544270833 0.388324873046875 0.09362662174479168 0.38324873095703127 0.09588268489583333 0.38071065966796874 0.08798646354166667 0.37648054150390625 0.08855047916666665 0.36040609130859375 0.10265087434895832 0.3587140439453125 0.10716300065104167 0.3591370556640625 0.112239142578125 0.37648054150390625 0.152284263671875 0.3853637900390625 0.16694867447916664
0 0.4369712353515625 0.23406655403645835 0.44923857861328126 0.22053017513020834 0.46489001708984373 0.19853355924479166 0.4428934008789063 0.13987591666666668 0.43950930615234374 0.14100394791666668 0.42978003369140627 0.15397631119791666 0.4153976313476562 0.164128595703125 0.40651438232421877 0.17428087955729166 0.40016920458984373 0.17710095898437497 0.388747884765625 0.17428087955729166 0.38324873095703127 0.18048505338541665 0.38367174267578125 0.18499717968749999 0.39340101513671877 0.20868584309895832 0.4082064296875 0.23857868033854168 0.4369712353515625 0.23406655403645835
0 0.454737732421875 0.29949238606770834 0.48477157373046875 0.269035533203125 0.4699661591796875 0.217146080078125 0.466582064453125 0.21094190625 0.45516074462890627 0.21206993815104166 0.44923857861328126 0.22278623828125 0.43316412841796875 0.2368866328125 0.426818951171875 0.2363226171875 0.42301184423828125 0.23857868033854168 0.4196277495117188 0.2368866328125 0.40989847705078125 0.24139875911458333 0.40989847705078125 0.24760293294270833 0.4170896787109375 0.270163564453125 0.428087986328125 0.2972363229166667 0.454737732421875 0.29949238606770834
0 0.45854483935546875 0.36097010742187496 0.4830795263671875 0.35645798111979166 0.5046531303710937 0.3237450651041667 0.506345177734375 0.3186689225260417 0.4902707275390625 0.2808798645833333 0.48646362109375 0.2735476595052083 0.4830795263671875 0.27129159635416666 0.47546531298828126 0.27636773828125 0.46954314697265626 0.28539199088541667 0.45516074462890627 0.30062041731770833 0.43950930615234374 0.29949238606770834 0.4327411166992188 0.3068245911458333 0.4310490693359375 0.31133671744791663 0.433587140625 0.31810490690104165 0.4530456850585938 0.3581500279947916 0.45854483935546875 0.36097010742187496
0 0.5097292724609375 0.4049633391927083 0.5283417934570313 0.37450648632812505 0.5304568530273438 0.3666102649739584 0.51353637890625 0.3305132545572917 0.5084602368164063 0.3243090807291667 0.5033840947265625 0.32600112825520833 0.49957698828125 0.3338973489583333 0.4902707275390625 0.3457416809895833 0.48815566845703123 0.3525098704427083 0.4839255498046875 0.3570219967447917 0.46192893408203123 0.36040609114583333 0.459813875 0.36266215429687504 0.46277495751953124 0.3728144388020833 0.48265651416015626 0.402143259765625 0.5021150590820312 0.40721940234375004 0.5097292724609375 0.4049633391927083
0 0.5308798647460937 0.44726452343749995 0.5406091372070313 0.4421883815104167 0.5444162436523438 0.4376762552083333 0.5448392553710938 0.4309080651041666 0.5406091372070313 0.41285955989583334 0.5291878173828125 0.37450648632812505 0.5245346870117188 0.37958262825520833 0.519881556640625 0.3908629440104167 0.5084602368164063 0.40721940234375004 0.5054991538085938 0.40891144921875 0.4961928935546875 0.40834743359375003 0.4966159052734375 0.420191765625 0.5054991538085938 0.4512126341145833 0.5080372250976563 0.454596728515625 0.5308798647460937 0.44726452343749995
0 0.11082910302734375 0.27129159635416666 0.11082910302734375 0.26001128059895834 0.0956006767578125 0.21432600130208335 0.08417935693359375 0.216018048828125 0.0630287646484375 0.22447828515625 0.0617597294921875 0.243654822265625 0.0689509306640625 0.25549915429687503 0.07994923876953125 0.282007896484375 0.11082910302734375 0.27129159635416666
0 0.0655668359375 0.2904681328125 0.072335025390625 0.30231246484375 0.0761421318359375 0.30174844921875 0.08375634521484375 0.294980259765625 0.0685279189453125 0.25493513802083334 0.06049069384765625 0.243090806640625 0.0562605751953125 0.242526791015625 0.05245346875 0.24534686979166667 0.05287648046875 0.25662718554687497 0.03172588818359375 0.270727580078125 0.03722504248046875 0.283135927734375 0.0499153974609375 0.283135927734375 0.06091370556640625 0.28652002278645833 0.0655668359375 0.2904681328125
0 0.0431472080078125 0.31584884375 0.05456852783203125 0.3429216015625 0.06006768212890625 0.3508178229166667 0.08121827392578125 0.3305132545572917 0.08079526220703125 0.32600112825520833 0.0685279189453125 0.296672306640625 0.0621827412109375 0.2870840384114583 0.0562605751953125 0.28482797526041664 0.04441624365234375 0.282571912109375 0.03849407763671875 0.28539199088541667 0.01734348583984375 0.30738860677083335 0.01734348583984375 0.3124647486979167 0.02115059228515625 0.31584884375 0.0363790185546875 0.3130287649739583 0.0431472080078125 0.31584884375
0 0 0.35476593359375 0.00211505908203125 0.35532994921875 0.0033840947265625 0.361534123046875 0.01734348583984375 0.3908629440104167 0.02538071044921875 0.38973491276041666 0.05752961083984375 0.3773265651041667 0.05837563427734375 0.3508178229166667 0.04103214892578125 0.31359278059895834 0.0105752958984375 0.322053017578125 0.0029610830078125 0.32656514388020835 0 0.33220530143229166 0 0.35476593359375
0 0 0.24591088541666664 0.0097292724609375 0.26452340690104165 0.01734348583984375 0.27241962760416666 0.02199661572265625 0.27411167513020834 0.04737732666015625 0.25944726432291665 0.05203045703125 0.25549915429687503 0.05203045703125 0.25211505924479166 0.04695431494140625 0.2363226171875 0.03807106591796875 0.21883812760416665 0.026226734375 0.20417371679687502 0.02072758056640625 0.20417371679687502 0 0.21319796940104166 0 0.24591088541666664