1 0.6167512690429687 0.09588268489583333 0.611675126953125 0.09362662174479168 0.6091370556640625 0.08911449544270833 0.6108291030273437 0.0795262265625 0.6002538071289063 0.07106598958333334 0.5812182739257813 0.0795262265625 0.5617597294921876 0.138747884765625 0.5621827412109375 0.14495205859375002 0.5956006767578125 0.17540891145833334 0.6002538071289063 0.17710095898437497 0.6057529609375 0.17540891145833334 0.6146362099609375 0.16694867447916664 0.6235194584960938 0.152284263671875 0.6408629443359375 0.112239142578125 0.6412859560546875 0.10716300065104167 0.6395939086914062 0.10265087434895832 0.6235194584960938 0.08855047916666665 0.6192893403320312 0.08798646354166667 0.6167512690429687 0.09588268489583333
1 0.5934856176757812 0.17428087955729166 0.5846023686523437 0.164128595703125 0.5702199663085937 0.15397631119791666 0.5604906938476563 0.14100394791666668 0.5571065991210937 0.13987591666666668 0.5351099829101562 0.19853355924479166 0.5507614213867188 0.22053017513020834 0.5630287646484375 0.23406655403645835 0.5917935703125 0.23857868033854168 0.6065989848632812 0.20868584309895832 0.6163282573242187 0.18499717968749999 0.6167512690429687 0.18048505338541665 0.611252115234375 0.17428087955729166 0.5998307954101563 0.17710095898437497 0.5934856176757812 0.17428087955729166
1 0.573181048828125 0.2363226171875 0.5668358715820313 0.2368866328125 0.5507614213867188 0.22278623828125 0.5448392553710938 0.21206993815104166 0.533417935546875 0.21094190625 0.5300338408203125 0.217146080078125 0.5152284262695312 0.269035533203125 0.545262267578125 0.29949238606770834 0.571912013671875 0.2972363229166667 0.5829103212890625 0.270163564453125 0.5901015229492188 0.24760293294270833 0.5901015229492188 0.24139875911458333 0.5803722504882812 0.2368866328125 0.5769881557617188 0.23857868033854168 0.573181048828125 0.2363226171875
1 0.5304568530273438 0.28539199088541667 0.5245346870117188 0.27636773828125 0.5169204736328125 0.27129159635416666 0.51353637890625 0.2735476595052083 0.5097292724609375 0.2808798645833333 0.493654822265625 0.3186689225260417 0.49534686962890623 0.3237450651041667 0.5169204736328125 0.35645798111979166 0.5414551606445313 0.36097010742187496 0.5469543149414062 0.3581500279947916 0.566412859375 0.31810490690104165 0.5689509306640625 0.31133671744791663 0.5672588833007812 0.3068245911458333 0.5604906938476563 0.29949238606770834 0.5448392553710938 0.30062041731770833 0.5304568530273438 0.28539199088541667
1 0.5118443315429687 0.3525098704427083 0.5097292724609375 0.3457416809895833 0.50042301171875 0.3338973489583333 0.4966159052734375 0.32600112825520833 0.49153976318359377 0.3243090807291667 0.48646362109375 0.3305132545572917 0.46954314697265626 0.3666102649739584 0.47165820654296875 0.37450648632812505 0.4902707275390625 0.4049633391927083 0.49788494091796875 0.40721940234375004 0.5173434858398438 0.402143259765625 0.5372250424804688 0.3728144388020833 0.540186125 0.36266215429687504 0.5380710659179687 0.36040609114583333 0.5160744501953125 0.3570219967447917 0.5118443315429687 0.3525098704427083
1 0.480118443359375 0.3908629440104167 0.47546531298828126 0.37958262825520833 0.4708121826171875 0.37450648632812505 0.45939086279296876 0.41285955989583334 0.45516074462890627 0.4309080651041666 0.45558375634765624 0.4376762552083333 0.45939086279296876 0.4421883815104167 0.4691201352539062 0.44726452343749995 0.49196277490234375 0.454596728515625 0.4945008461914063 0.4512126341145833 0.5033840947265625 0.420191765625 0.5038071064453125 0.40834743359375003 0.4945008461914063 0.40891144921875 0.49153976318359377 0.40721940234375004 0.480118443359375 0.3908629440104167
1 0.8891708969726563 0.26001128059895834 0.8891708969726563 0.27129159635416666 0.9200507612304688 0.282007896484375 0.9310490693359375 0.25549915429687503 0.9382402705078124 0.243654822265625 0.9369712353515625 0.22447828515625 0.9158206430664062 0.216018048828125 0.9043993232421875 0.21432600130208335 0.8891708969726563 0.26001128059895834
1 0.9437394248046875 0.242526791015625 0.9395093061523437 0.243090806640625 0.9314720810546875 0.25493513802083334 0.9162436547851562 0.294980259765625 0.9238578681640625 0.30174844921875 0.927664974609375 0.30231246484375 0.9344331640625 0.2904681328125 0.9390862944335937 0.28652002278645833 0.9500846025390625 0.283135927734375 0.9627749575195312 0.283135927734375 0.9682741118164062 0.270727580078125 0.94712351953125 0.25662718554687497 0.94754653125 0.24534686979166667 0.9437394248046875 0.242526791015625
1 0.9437394248046875 0.28482797526041664 0.9378172587890625 0.2870840384114583 0.9314720810546875 0.296672306640625 0.9192047377929687 0.32600112825520833 0.9187817260742187 0.3305132545572917 0.9399323178710938 0.3508178229166667 0.9454314721679687 0.3429216015625 0.9568527919921875 0.31584884375 0.9636209814453125 0.3130287649739583 0.9788494077148437 0.31584884375 0.9826565141601562 0.3124647486979167 0.9826565141601562 0.30738860677083335 0.9615059223632813 0.28539199088541667 0.9555837563476562 0.282571912109375 0.9437394248046875 0.28482797526041664
1 1 0.33220530143229166 0.9970389169921875 0.32656514388020835 0.9894247041015625 0.322053017578125 0.9589678510742188 0.31359278059895834 0.9416243657226563 0.3508178229166667 0.9424703891601562 0.3773265651041667 0.9746192895507813 0.38973491276041666 0.9826565141601562 0.3908629440104167 0.9966159052734375 0.361534123046875 0.9978849409179688 0.35532994921875 1 0.35476593359375 1 0.33220530143229166
1 1 0.21319796940104166 0.9792724194335938 0.20417371679687502 0.973773265625 0.20417371679687502 0.9619289340820313 0.21883812760416665 0.9530456850585938 0.2363226171875 0.94796954296875 0.25211505924479166 0.94796954296875 0.25549915429687503 0.9526226733398437 0.25944726432291665 0.9780033842773438 0.27411167513020834 0.9826565141601562 0.27241962760416666 0.9902707275390625 0.26452340690104165 1 0.24591088541666664 1 0.21319796940104166
0 0.5093062607421875 0.4066553860677083 0.5042301186523438 0.413423576171875 0.5 0.43260011263020837 0.49196277490234375 0.454596728515625 0.48730964453125 0.454596728515625 0.46192893408203123 0.4444444446614583 0.4564297802734375 0.439932318359375 0.454737732421875 0.43147208138020837 0.4661590522460938 0.3953750703125 0.46489001708984373 0.3908629440104167 0.454737732421875 0.3914269596354167 0.43189509326171877 0.4032712916666667 0.42089678515625 0.4190637337239584 0.4183587138671875 0.42752397070312503 0.41920473779296874 0.4438804283854167 0.42978003369140627 0.46023688671875 0.4433164130859375 0.4715172024739583 0.45812182763671877 0.47997743945312504 0.48138747900390627 0.48561759700520835 0.5021150590820312 0.48448956575520835 0.5143824028320313 0.47884940755208333 0.5274957700195313 0.46249294986979167 0.5304568530273438 0.45234066536458334 0.5300338408203125 0.441624365234375 0.5279187817382812 0.43147208138020837 0.519881556640625 0.4168076705729167 0.5093062607421875 0.4066553860677083