0 0.348984771484375 0.17540891145833334 0.35406091357421876 0.16864072200520833 0.35448392578125 0.16582064322916668 0.33333333349609373 0.11280315820312499 0.3248730966796875 0.09870276367187501 0.32148900146484377 0.098138748046875 0.31006768212890623 0.10772701627604166 0.30795262255859374 0.11505922135416667 0.30245346875 0.12013536393229167 0.2986463623046875 0.11844331640625 0.29483925537109373 0.12013536393229167 0.283417935546875 0.12972363216145832 0.28426395947265626 0.13987591666666668 0.31387478857421874 0.20022560611979168 0.3193739423828125 0.19909757486979165 0.348984771484375 0.17540891145833334
0 0.33798646337890625 0.26113931184895833 0.35448392578125 0.256063169921875 0.3891708969726563 0.22447828515625 0.388747884765625 0.22053017513020834 0.361252115234375 0.164692611328125 0.35532994921875 0.16694867447916664 0.348984771484375 0.176536943359375 0.32698815576171875 0.191765369140625 0.3185279189453125 0.20022560611979168 0.31006768212890623 0.2013536380208333 0.30795262255859374 0.20417371679687502 0.309221658203125 0.209813875 0.3316412861328125 0.25493513802083334 0.33798646337890625 0.26113931184895833
0 0.361252115234375 0.3192329388020833 0.37732656494140626 0.32148900195312496 0.39974619287109375 0.30231246484375 0.4115905244140625 0.294980259765625 0.4115905244140625 0.29103214908854164 0.3921319794921875 0.23970671158854165 0.388747884765625 0.23519458528645834 0.37944162451171876 0.23575860156249998 0.3650592216796875 0.24816694856770835 0.3654822333984375 0.2515510436197917 0.3629441625976563 0.25380710677083335 0.35744500830078124 0.2543711223958333 0.35321489013671875 0.25831923307291665 0.3460236884765625 0.25944726432291665 0.33967851123046877 0.263959390625 0.3405245346679687 0.2718556119791667 0.3447546533203125 0.2791878170572917 0.35744500830078124 0.31415679622395837 0.361252115234375 0.3192329388020833
0 0.3870558374023437 0.38071066015625 0.39255499169921876 0.38353073893229167 0.40862944140625 0.38240270703124996 0.4314720810546875 0.35476593359375 0.43612521142578126 0.35138183854166666 0.4378172587890625 0.3474337278645833 0.41582064306640626 0.29892836979166665 0.4124365483398437 0.2972363229166667 0.40736040625 0.29892836979166665 0.38028764794921877 0.32092498567708333 0.368866328125 0.3237450651041667 0.3646362099609375 0.3271291595052083 0.36336717431640625 0.3338973489583333 0.3650592216796875 0.3384094752604167 0.375211505859375 0.35476593359375 0.3870558374023437 0.38071066015625
0 0.4310490693359375 0.4359842076822917 0.43612521142578126 0.43485617578124997 0.46489001708984373 0.400451212890625 0.4441624365234375 0.35758601236979165 0.43950930615234374 0.35420191796874995 0.43527918798828125 0.3536379016927083 0.4314720810546875 0.35589396484375 0.4225888325195313 0.36943034375 0.4196277495117188 0.3705583756510417 0.40989847705078125 0.38183869140625 0.3942470390625 0.38465877018229166 0.39382402685546875 0.388606880859375 0.4111675126953125 0.41737168619791665 0.41878172607421876 0.42752397070312503 0.4310490693359375 0.4359842076822917
0 0.46573604052734374 0.47715736067708336 0.47461928955078125 0.47772137630208333 0.47842639599609377 0.4658770442708333 0.479695431640625 0.439932318359375 0.47884940771484374 0.43429216015625 0.47504230126953123 0.42752397070312503 0.47461928955078125 0.4218838125 0.467428087890625 0.40778341796875 0.466582064453125 0.3987591653645833 0.46277495751953124 0.401579244140625 0.45516074462890627 0.413987591796875 0.43993231787109377 0.43203609700520834 0.4314720810546875 0.4376762552083333 0.427664974609375 0.43372814453124997 0.4251269033203125 0.43654822330729165 0.4238578681640625 0.4433164127604166 0.4382402705078125 0.48279751822916667 0.44796954296875 0.48223350260416664 0.46573604052734374 0.47715736067708336
0 0.12013536376953125 0.23350253776041666 0.1421319794921875 0.22842639583333335 0.14382402685546875 0.216582064453125 0.14297800341796876 0.20360970117187502 0.1319796953125 0.17258883268229167 0.10321489013671875 0.17710095898437497 0.10025380712890625 0.1810490696614583 0.09686971240234375 0.19684151171875 0.09771573583984375 0.20417371679687502 0.10956006787109375 0.23350253776041666 0.12013536376953125 0.23350253776041666
0 0.08333333349609374 0.23914269596354165 0.0917935703125 0.25549915429687503 0.099407783203125 0.2543711223958333 0.11082910302734375 0.24816694856770835 0.1087140439453125 0.23519458528645834 0.0947546533203125 0.19684151171875 0.09137055859375 0.19571347981770834 0.08671742822265625 0.19853355924479166 0.085025380859375 0.20078962239583334 0.085448392578125 0.20755781184895836 0.0829103212890625 0.210377890625 0.06472081201171875 0.21940214322916665 0.06429780029296875 0.22447828515625 0.06810490673828125 0.23237450651041666 0.07402707275390626 0.23293852213541666 0.08333333349609374 0.23914269596354165
0 0.07741116748046875 0.21263395377604166 0.08460236865234375 0.20642977994791667 0.08333333349609374 0.19740552734375003 0.06429780029296875 0.15566835872395832 0.0355329951171875 0.164692611328125 0.03130287646484375 0.16807670638020833 0.032148900390625 0.17540891145833334 0.05203045703125 0.2216582063802083 0.06387478857421874 0.21940214322916665 0.07741116748046875 0.21263395377604166
0 0.0757191201171875 0.30062041731770833 0.10025380712890625 0.283135927734375 0.09983079541015626 0.27636773828125 0.08756345166015625 0.24703891731770833 0.08375634521484375 0.24027072786458334 0.0761421318359375 0.23519458528645834 0.06768189501953124 0.23406655403645835 0.04483925537109375 0.25042301171875 0.04187817236328125 0.25549915429687503 0.0435702197265625 0.25831923307291665 0.06091370556640625 0.26452340690104165 0.0757191201171875 0.30062041731770833
0 0.0655668359375 0.32600112825520833 0.0689509306640625 0.322617033203125 0.0748730966796875 0.3040045123697917 0.06049069384765625 0.2656514381510417 0.05752961083984375 0.263395375 0.02538071044921875 0.269035533203125 0.01734348583984375 0.29103214908854164 0.01818950927734375 0.30231246484375 0.02791878173828125 0.32543711197916664 0.032571912109375 0.33107727018229166 0.0655668359375 0.32600112825520833