1 0.6899323178710938 0.8922729837239584 0.6920473774414062 0.8849407786458333 0.69754653125 0.8798646360677083 0.7013536376953124 0.88155668359375 0.7051607446289062 0.8798646360677083 0.716582064453125 0.8702763678385416 0.7157360405273437 0.8601240833333333 0.6861252114257812 0.7997743938802083 0.6806260576171875 0.8009024251302083 0.651015228515625 0.8245910885416667 0.6459390864257812 0.8313592779947917 0.64551607421875 0.8341793567708334 0.6666666665039063 0.8871968417968751 0.6751269033203126 0.901297236328125 0.6785109985351563 0.9018612519531249 0.6899323178710938 0.8922729837239584
1 0.651015228515625 0.823463056640625 0.6730118442382812 0.808234630859375 0.6814720810546875 0.7997743938802083 0.6899323178710938 0.7986463619791667 0.6920473774414062 0.795826283203125 0.690778341796875 0.790186125 0.6683587138671875 0.7450648619791668 0.6620135366210937 0.7388606881510417 0.64551607421875 0.743936830078125 0.6108291030273437 0.77552171484375 0.611252115234375 0.7794698248697917 0.638747884765625 0.8353073886718749 0.64467005078125 0.8330513255208333 0.651015228515625 0.823463056640625
1 0.611252115234375 0.7648054147135417 0.6205583754882813 0.7642413984375 0.6349407783203125 0.7518330514322917 0.6345177666015624 0.7484489563802083 0.6370558374023437 0.7461928932291667 0.6425549916992187 0.7456288776041666 0.6467851098632813 0.7416807669270833 0.6539763115234375 0.7405527356770834 0.6603214887695312 0.7360406093749999 0.6594754653320313 0.7281443880208333 0.6552453466796875 0.7208121829427084 0.6425549916992187 0.6858432037760417 0.638747884765625 0.6807670611979167 0.6226734350585937 0.678510998046875 0.6002538071289063 0.69768753515625 0.5884094755859375 0.7050197402343751 0.5884094755859375 0.7089678509114584 0.6078680205078125 0.7602932884114583 0.611252115234375 0.7648054147135417
1 0.5841793569335938 0.7010716302083333 0.5875634516601562 0.7027636770833333 0.59263959375 0.7010716302083333 0.6197123520507812 0.6790750143229167 0.631133671875 0.6762549348958333 0.6353637900390625 0.6728708404947916 0.6366328256835937 0.6661026510416667 0.6349407783203125 0.6615905247395834 0.624788494140625 0.64523406640625 0.6129441625976563 0.61928933984375 0.6074450083007813 0.6164692610677084 0.59137055859375 0.61759729296875 0.5685279189453125 0.64523406640625 0.5638747885742188 0.6486181614583334 0.5621827412109375 0.6525662721354167 0.5841793569335938 0.7010716302083333
1 0.5685279189453125 0.64410603515625 0.5774111674804687 0.6305696562499999 0.5803722504882812 0.6294416243489583 0.5901015229492188 0.61816130859375 0.6057529609375 0.6153412298177083 0.6061759731445312 0.611393119140625 0.5888324873046875 0.5826283138020834 0.5812182739257813 0.572476029296875 0.5689509306640625 0.5640157923177084 0.5638747885742188 0.56514382421875 0.5351099829101562 0.599548787109375 0.5558375634765625 0.6424139876302083 0.5604906938476563 0.64579808203125 0.5647208120117188 0.6463620983072916 0.5685279189453125 0.64410603515625
1 0.5253807104492187 0.5781161874999999 0.532571912109375 0.59221658203125 0.533417935546875 0.6012408346354167 0.5372250424804688 0.5984207558593749 0.5448392553710938 0.586012408203125 0.5600676821289062 0.5679639029947917 0.5685279189453125 0.5623237447916667 0.572335025390625 0.56627185546875 0.5748730966796874 0.5634517766927084 0.5761421318359375 0.5566835872395833 0.5617597294921876 0.5172024817708333 0.55203045703125 0.5177664973958334 0.5342639594726563 0.5228426393229166 0.5253807104492187 0.5222786236979167 0.5215736040039063 0.5341229557291667 0.520304568359375 0.560067681640625 0.5211505922851563 0.56570783984375 0.5249576987304687 0.572476029296875 0.5253807104492187 0.5781161874999999
1 0.8997461928710937 0.8189509303385417 0.9031302875976562 0.80315848828125 0.9022842641601563 0.795826283203125 0.8904399321289063 0.7664974622395833 0.8798646362304687 0.7664974622395833 0.8578680205078125 0.7715736041666666 0.8561759731445312 0.783417935546875 0.8570219965820313 0.7963902988281251 0.8680203046875 0.8274111673177084 0.8967851098632813 0.822899041015625 0.8997461928710937 0.8189509303385417
1 0.90862944140625 0.8042865201822916 0.9132825717773437 0.8014664407552083 0.914974619140625 0.7992103776041667 0.914551607421875 0.7924421881510417 0.9170896787109375 0.7896221093750001 0.9352791879882812 0.7805978567708333 0.9357021997070313 0.77552171484375 0.9318950932617187 0.7676254934895833 0.9259729272460937 0.7670614778645833 0.9166666665039063 0.7608573040364583 0.9082064296875 0.7445008457031249 0.900592216796875 0.7456288776041666 0.8891708969726563 0.7518330514322917 0.8912859560546875 0.7648054147135417 0.9052453466796875 0.80315848828125 0.90862944140625 0.8042865201822916
1 0.967851099609375 0.8245910885416667 0.94796954296875 0.7783417936197917 0.9361252114257812 0.7805978567708333 0.9225888325195313 0.7873660462239583 0.9153976313476563 0.7935702200520834 0.9166666665039063 0.8025944726562501 0.9357021997070313 0.8443316412760417 0.9644670048828125 0.8353073886718749 0.9686971235351562 0.8319232936197917 0.967851099609375 0.8245910885416667
1 0.9323181049804687 0.7659334459635416 0.9551607446289062 0.74957698828125 0.9581218276367187 0.7445008457031249 0.9564297802734375 0.7416807669270833 0.9390862944335937 0.7354765930989583 0.9242808798828125 0.6993795826822917 0.8997461928710937 0.7168640722656251 0.9001692045898437 0.7236322617187501 0.9124365483398438 0.7529610826822917 0.9162436547851562 0.7597292721354166 0.9238578681640625 0.7648054147135417 0.9323181049804687 0.7659334459635416
1 0.9826565141601562 0.7089678509114584 0.9818104907226562 0.69768753515625 0.9720812182617188 0.6745628880208333 0.967428087890625 0.6689227298177083 0.9344331640625 0.6739988717447917 0.9310490693359375 0.677382966796875 0.9251269033203126 0.6959954876302082 0.9395093061523437 0.7343485618489584 0.9424703891601562 0.736604625 0.9746192895507813 0.730964466796875 0.9826565141601562 0.7089678509114584
0 0.48181049072265625 0.5279187819010417 0.48181049072265625 0.5408911451822916 0.48646362109375 0.5572476028645833 0.4945008461914063 0.5679639029947917 0.506768189453125 0.5758601243489584 0.5186125209960938 0.5775521712239583 0.5224196279296875 0.5752961080729166 0.519035533203125 0.5578116184895833 0.5211505922851563 0.5284827975260417 0.5253807104492187 0.520586576171875 0.5566835869140625 0.5155104342447917 0.5630287646484375 0.5183305130208333 0.5740270727539063 0.5493513821614583 0.578680203125 0.5549915397135416 0.5824873095703125 0.5532994921875 0.5879864633789063 0.545403271484375 0.5934856176757812 0.5296108294270833 0.5939086293945313 0.5166384661458333 0.59221658203125 0.506486181640625 0.5841793569335938 0.493513818359375 0.572758037109375 0.4850535813802083 0.5482233500976562 0.48223350260416664 0.532994923828125 0.48448956575520835 0.513959390625 0.4912577552083333 0.5029610830078125 0.49971799218749996 0.48815566845703123 0.51381838671875 0.48181049072265625 0.5279187819010417